--------------------------------------------------------------------------------
Path #1 costs: (11209, 938, -1446530105, 32765)
Full path with 193 vertices -> [14066,3157,3057,15474,3056,2361,3067,15653,12290,7229,7230,16248,12957,12954,15644,2357,9364,10297,7227,2331,14442,14440,10255,4931,2330,2335,2334,2333,2342,2332,7543,2186,2185,10240,8679,2184,2183,831,6221,4554,2187,3495,2189,766,6227,763,764,758,759,6228,830,5192,6692,14415,11714,11677,15831,748,15571,752,7115,15569,14416,9558,15361,9559,867,5204,725,732,3233,6707,724,723,5641,6704,7604,722,736,15574,14046,737,12242,7595,3229,7598,7594,7596,7599,3228,3227,11603,3226,11459,11599,11604,11605,11005,12398,11006,3224,7600,11376,12043,7593,10464,12041,11373,5862,12047,5858,4960,3223,10530,10531,9951,2291,11460,2290,10554,14480,11093,7192,11092,11071,11072,10306,10359,2278,2288,13402,2289,2287,9831,2286,6614,13201,11088,13531,11673,13203,6619,9571,13196,11466,2742,6602,11468,6622,2744,12403,6830,16227,13222,4950,16228,4952,10629,14843,14838,14837,9774,6594,6596,6597,4575,4576,3387,13909,4831,13908,2272,7143,7144,2731,7083,7081,7084,14477,15560,6876,6875,7124,15559,5718,5009,16282,13954,5605,13366,5006,7085,13953]
--------------------------------------------------------------------------------
Path #2 costs: (11181, 940, -1446530105, 32765)
Full path with 192 vertices -> [14066,3157,3057,15474,3056,2361,3067,15653,12290,7229,7230,16248,12957,12954,15644,2357,9364,10297,7227,2331,14442,14440,10255,4931,2330,2335,2334,2333,2342,2332,7543,2186,2185,10240,8679,2184,2183,831,6221,4554,2187,3495,2189,766,6227,763,764,758,759,6228,830,5192,6692,14415,11714,11677,15831,748,15571,752,7115,15569,14416,9558,15361,9559,867,5204,725,732,3233,6707,724,723,5641,6704,7604,722,736,15574,14046,737,12242,7595,3229,7598,10891,7599,3228,3227,11603,3226,11459,11599,11604,11605,11005,12398,11006,3224,7600,11376,12043,7593,10464,12041,11373,5862,12047,5858,4960,3223,10530,10531,9951,2291,11460,2290,10554,14480,11093,7192,11092,11071,11072,10306,10359,2278,2288,13402,2289,2287,9831,2286,6614,13201,11088,13531,11673,13203,6619,9571,13196,11466,2742,6602,11468,6622,2744,12403,6830,16227,13222,4950,16228,4952,10629,14843,14838,14837,9774,6594,6596,6597,4575,4576,3387,13909,4831,13908,2272,7143,7144,2731,7083,7081,7084,14477,15560,6876,6875,7124,15559,5718,5009,16282,13954,5605,13366,5006,7085,13953]
--------------------------------------------------------------------------------
Path #3 costs: (11171, 942, -1446530105, 32765)
Full path with 191 vertices -> [14066,3157,3057,15474,3056,2361,3067,15653,12290,7229,7230,16248,12957,12954,15644,2357,9364,10297,7227,2331,14442,14440,10255,4931,2330,2335,2334,2333,2342,2332,7543,2186,2185,10240,8679,2184,2183,831,6221,4554,2187,3495,2189,766,6227,763,764,758,759,6228,830,5192,6692,14415,11714,11677,15831,748,15571,752,7115,15569,14416,9558,15361,9559,867,5204,725,732,3233,6707,724,723,5641,6704,7604,722,736,15574,14046,737,12242,7595,3229,7598,10891,7599,3228,3227,11603,3226,11459,11599,11457,3222,11004,3225,3224,7600,11376,12043,7593,10464,12041,11373,5862,12047,5858,4960,3223,10530,10531,9951,2291,11460,2290,10554,14480,11093,7192,11092,11071,11072,10306,10359,2278,2288,13402,2289,2287,9831,2286,6614,13201,11088,13531,11673,13203,6619,9571,13196,11466,2742,6602,11468,6622,2744,12403,6830,16227,13222,4950,16228,4952,10629,14843,14838,14837,9774,6594,6596,6597,4575,4576,3387,13909,4831,13908,2272,7143,7144,2731,7083,7081,7084,14477,15560,6876,6875,7124,15559,5718,5009,16282,13954,5605,13366,5006,7085,13953]
--------------------------------------------------------------------------------
Path #4 costs: (11096, 947, -1446530105, 32765)
Full path with 194 vertices -> [14066,3157,3057,15474,3056,2361,3067,15653,12290,7229,7230,16248,12957,12954,15644,2357,9364,10297,7227,2331,14442,14440,10255,4931,2330,2335,2334,2333,2342,2332,7543,2186,2185,10240,8679,2184,2183,831,6221,4554,2187,3495,6231,765,766,6227,763,764,758,759,6228,830,5192,6692,14415,11714,11677,15831,748,15571,752,7115,15569,14416,9558,15361,9559,867,5204,725,732,3233,6707,724,723,5641,6704,7604,722,736,15574,14046,737,12242,7595,3229,7598,7594,7596,7599,3228,3227,11603,3226,11459,11599,11604,11605,11005,12398,11006,3224,7600,11376,12043,7593,10464,12041,11373,5862,12047,5858,4960,3223,10530,10531,9951,2291,11460,2290,10554,14480,11093,7192,11092,11071,11072,10306,10359,2278,2288,13402,2289,2287,9831,2286,6614,13201,11088,13531,11673,13203,6619,9571,13196,11466,2742,6602,11468,6622,2744,12403,6830,16227,13222,4950,16228,4952,10629,14843,14838,14837,9774,6594,6596,6597,4575,4576,3387,13909,4831,13908,2272,7143,7144,2731,7083,7081,7084,14477,15560,6876,6875,7124,15559,5718,5009,16282,13954,5605,13366,5006,7085,13953]
--------------------------------------------------------------------------------
Path #5 costs: (11068, 949, -1446530105, 32765)
Full path with 193 vertices -> [14066,3157,3057,15474,3056,2361,3067,15653,12290,7229,7230,16248,12957,12954,15644,2357,9364,10297,7227,2331,14442,14440,10255,4931,2330,2335,2334,2333,2342,2332,7543,2186,2185,10240,8679,2184,2183,831,6221,4554,2187,3495,6231,765,766,6227,763,764,758,759,6228,830,5192,6692,14415,11714,11677,15831,748,15571,752,7115,15569,14416,9558,15361,9559,867,5204,725,732,3233,6707,724,723,5641,6704,7604,722,736,15574,14046,737,12242,7595,3229,7598,10891,7599,3228,3227,11603,3226,11459,11599,11604,11605,11005,12398,11006,3224,7600,11376,12043,7593,10464,12041,11373,5862,12047,5858,4960,3223,10530,10531,9951,2291,11460,2290,10554,14480,11093,7192,11092,11071,11072,10306,10359,2278,2288,13402,2289,2287,9831,2286,6614,13201,11088,13531,11673,13203,6619,9571,13196,11466,2742,6602,11468,6622,2744,12403,6830,16227,13222,4950,16228,4952,10629,14843,14838,14837,9774,6594,6596,6597,4575,4576,3387,13909,4831,13908,2272,7143,7144,2731,7083,7081,7084,14477,15560,6876,6875,7124,15559,5718,5009,16282,13954,5605,13366,5006,7085,13953]
--------------------------------------------------------------------------------
Path #6 costs: (11058, 951, -1446530105, 32765)
Full path with 192 vertices -> [14066,3157,3057,15474,3056,2361,3067,15653,12290,7229,7230,16248,12957,12954,15644,2357,9364,10297,7227,2331,14442,14440,10255,4931,2330,2335,2334,2333,2342,2332,7543,2186,2185,10240,8679,2184,2183,831,6221,4554,2187,3495,6231,765,766,6227,763,764,758,759,6228,830,5192,6692,14415,11714,11677,15831,748,15571,752,7115,15569,14416,9558,15361,9559,867,5204,725,732,3233,6707,724,723,5641,6704,7604,722,736,15574,14046,737,12242,7595,3229,7598,10891,7599,3228,3227,11603,3226,11459,11599,11457,3222,11004,3225,3224,7600,11376,12043,7593,10464,12041,11373,5862,12047,5858,4960,3223,10530,10531,9951,2291,11460,2290,10554,14480,11093,7192,11092,11071,11072,10306,10359,2278,2288,13402,2289,2287,9831,2286,6614,13201,11088,13531,11673,13203,6619,9571,13196,11466,2742,6602,11468,6622,2744,12403,6830,16227,13222,4950,16228,4952,10629,14843,14838,14837,9774,6594,6596,6597,4575,4576,3387,13909,4831,13908,2272,7143,7144,2731,7083,7081,7084,14477,15560,6876,6875,7124,15559,5718,5009,16282,13954,5605,13366,5006,7085,13953]
--------------------------------------------------------------------------------
Path #7 costs: (11054, 974, -1446530105, 32765)
Full path with 195 vertices -> [14066,3157,3057,15474,3056,2361,3067,15653,12290,7229,7230,16248,12957,12954,15644,2357,9364,10297,7227,2331,14442,14440,10255,4931,2330,2335,2334,2333,2342,2332,7543,2186,2185,10240,8679,2184,2183,831,6221,4554,2187,3495,6231,765,766,6227,763,764,758,759,6228,830,5192,6692,14415,11714,11677,15831,748,15571,752,7115,15569,14416,9558,15361,9559,867,5204,725,732,3233,6707,724,723,5641,6704,7604,722,736,15574,14046,737,12242,7595,3229,7598,10891,7599,3228,3227,11603,3226,11459,11599,11457,3222,11004,3225,3224,7600,11376,12043,7593,10464,12041,11373,5862,12047,5858,4960,3223,10530,10531,9951,2291,11460,2290,10554,14480,11093,7192,11092,11071,11072,10306,10359,2278,2288,13402,2289,2287,9831,2286,6614,13201,11088,13531,11673,13203,6619,9571,13196,11466,2742,6602,11468,6622,2744,12403,6830,16227,13222,4950,16228,4952,10629,14843,14838,14837,9774,6594,6596,6597,4575,4576,3387,13909,4831,13908,2272,7143,7144,2731,7083,6551,6550,7087,10552,7086,10550,15560,6876,6875,7124,15559,5718,5009,16282,13954,5605,13366,5006,7085,13953]
--------------------------------------------------------------------------------
Path #8 costs: (11009, 985, -1446530105, 32765)
Full path with 180 vertices -> [14066,3157,3057,15474,3056,2361,2360,2363,15640,2359,2358,2362,2328,2339,7518,7315,2111,2114,837,6217,6200,6224,6211,839,6219,838,6234,4971,4970,4969,4972,860,12414,862,5193,759,6228,830,5192,6692,14415,11714,11677,15831,748,15571,752,7115,15569,14416,9558,15361,9559,867,5204,725,732,3233,6707,724,723,5641,6704,7604,722,736,15574,14046,737,12242,7595,3229,7598,7594,7596,7599,3228,3227,11603,3226,11459,11599,11604,11605,11005,12398,11006,3224,7600,11376,12043,7593,10464,12041,11373,5862,12047,5858,4960,3223,10530,10531,9951,2291,11460,2290,10554,14480,11093,7192,11092,11071,11072,10306,10359,2278,2288,13402,2289,2287,9831,2286,6614,13201,11088,13531,11673,13203,6619,9571,13196,11466,2742,6602,11468,6622,2744,12403,6830,16227,13222,4950,16228,4952,10629,14843,14838,14837,9774,6594,6596,6597,4575,4576,3387,13909,4831,13908,2272,7143,7144,2731,7083,7081,7084,14477,15560,6876,6875,7124,15559,5718,5009,16282,13954,5605,13366,5006,7085,13953]
--------------------------------------------------------------------------------
Path #9 costs: (10981, 987, -1446530105, 32765)
Full path with 179 vertices -> [14066,3157,3057,15474,3056,2361,2360,2363,15640,2359,2358,2362,2328,2339,7518,7315,2111,2114,837,6217,6200,6224,6211,839,6219,838,6234,4971,4970,4969,4972,860,12414,862,5193,759,6228,830,5192,6692,14415,11714,11677,15831,748,15571,752,7115,15569,14416,9558,15361,9559,867,5204,725,732,3233,6707,724,723,5641,6704,7604,722,736,15574,14046,737,12242,7595,3229,7598,10891,7599,3228,3227,11603,3226,11459,11599,11604,11605,11005,12398,11006,3224,7600,11376,12043,7593,10464,12041,11373,5862,12047,5858,4960,3223,10530,10531,9951,2291,11460,2290,10554,14480,11093,7192,11092,11071,11072,10306,10359,2278,2288,13402,2289,2287,9831,2286,6614,13201,11088,13531,11673,13203,6619,9571,13196,11466,2742,6602,11468,6622,2744,12403,6830,16227,13222,4950,16228,4952,10629,14843,14838,14837,9774,6594,6596,6597,4575,4576,3387,13909,4831,13908,2272,7143,7144,2731,7083,7081,7084,14477,15560,6876,6875,7124,15559,5718,5009,16282,13954,5605,13366,5006,7085,13953]
--------------------------------------------------------------------------------
Path #10 costs: (10971, 989, -1446530105, 32765)
Full path with 178 vertices -> [14066,3157,3057,15474,3056,2361,2360,2363,15640,2359,2358,2362,2328,2339,7518,7315,2111,2114,837,6217,6200,6224,6211,839,6219,838,6234,4971,4970,4969,4972,860,12414,862,5193,759,6228,830,5192,6692,14415,11714,11677,15831,748,15571,752,7115,15569,14416,9558,15361,9559,867,5204,725,732,3233,6707,724,723,5641,6704,7604,722,736,15574,14046,737,12242,7595,3229,7598,10891,7599,3228,3227,11603,3226,11459,11599,11457,3222,11004,3225,3224,7600,11376,12043,7593,10464,12041,11373,5862,12047,5858,4960,3223,10530,10531,9951,2291,11460,2290,10554,14480,11093,7192,11092,11071,11072,10306,10359,2278,2288,13402,2289,2287,9831,2286,6614,13201,11088,13531,11673,13203,6619,9571,13196,11466,2742,6602,11468,6622,2744,12403,6830,16227,13222,4950,16228,4952,10629,14843,14838,14837,9774,6594,6596,6597,4575,4576,3387,13909,4831,13908,2272,7143,7144,2731,7083,7081,7084,14477,15560,6876,6875,7124,15559,5718,5009,16282,13954,5605,13366,5006,7085,13953]
--------------------------------------------------------------------------------
Path #11 costs: (10967, 1012, -1446530105, 32765)
Full path with 181 vertices -> [14066,3157,3057,15474,3056,2361,2360,2363,15640,2359,2358,2362,2328,2339,7518,7315,2111,2114,837,6217,6200,6224,6211,839,6219,838,6234,4971,4970,4969,4972,860,12414,862,5193,759,6228,830,5192,6692,14415,11714,11677,15831,748,15571,752,7115,15569,14416,9558,15361,9559,867,5204,725,732,3233,6707,724,723,5641,6704,7604,722,736,15574,14046,737,12242,7595,3229,7598,10891,7599,3228,3227,11603,3226,11459,11599,11457,3222,11004,3225,3224,7600,11376,12043,7593,10464,12041,11373,5862,12047,5858,4960,3223,10530,10531,9951,2291,11460,2290,10554,14480,11093,7192,11092,11071,11072,10306,10359,2278,2288,13402,2289,2287,9831,2286,6614,13201,11088,13531,11673,13203,6619,9571,13196,11466,2742,6602,11468,6622,2744,12403,6830,16227,13222,4950,16228,4952,10629,14843,14838,14837,9774,6594,6596,6597,4575,4576,3387,13909,4831,13908,2272,7143,7144,2731,7083,6551,6550,7087,10552,7086,10550,15560,6876,6875,7124,15559,5718,5009,16282,13954,5605,13366,5006,7085,13953]
--------------------------------------------------------------------------------
Path #12 costs: (10928, 1066, -1446530105, 32765)
Full path with 152 vertices -> [14066,3157,3057,15474,3056,2361,3067,15653,12290,7229,7230,16248,12957,12954,15644,2357,9364,10297,7227,2331,14442,14440,10255,4931,2330,2335,2334,2333,2342,2332,7543,2186,2185,10240,8679,2184,2183,831,6221,4554,2187,3495,2189,766,6227,763,764,758,759,6228,830,5192,6692,14415,11714,11677,15831,748,15571,752,7115,15569,14416,9558,15361,9559,867,5204,725,726,729,730,728,5667,5681,5678,5674,5670,5658,5660,6832,3216,851,845,6833,9661,846,16469,847,11090,12985,5823,14023,11634,848,13524,13528,13529,13526,6598,13214,5161,13070,13212,3385,13209,2271,15282,12983,5172,15284,5169,9874,7141,3382,3380,3378,11082,3379,5165,5162,9775,6596,6597,4575,4576,3387,13909,4831,13908,2272,7143,7144,2731,7083,7081,7084,14477,15560,6876,6875,7124,15559,5718,5009,16282,13954,5605,13366,5006,7085,13953]
--------------------------------------------------------------------------------
Path #13 costs: (10815, 1075, -1446530105, 32765)
Full path with 153 vertices -> [14066,3157,3057,15474,3056,2361,3067,15653,12290,7229,7230,16248,12957,12954,15644,2357,9364,10297,7227,2331,14442,14440,10255,4931,2330,2335,2334,2333,2342,2332,7543,2186,2185,10240,8679,2184,2183,831,6221,4554,2187,3495,6231,765,766,6227,763,764,758,759,6228,830,5192,6692,14415,11714,11677,15831,748,15571,752,7115,15569,14416,9558,15361,9559,867,5204,725,726,729,730,728,5667,5681,5678,5674,5670,5658,5660,6832,3216,851,845,6833,9661,846,16469,847,11090,12985,5823,14023,11634,848,13524,13528,13529,13526,6598,13214,5161,13070,13212,3385,13209,2271,15282,12983,5172,15284,5169,9874,7141,3382,3380,3378,11082,3379,5165,5162,9775,6596,6597,4575,4576,3387,13909,4831,13908,2272,7143,7144,2731,7083,7081,7084,14477,15560,6876,6875,7124,15559,5718,5009,16282,13954,5605,13366,5006,7085,13953]
--------------------------------------------------------------------------------
Path #14 costs: (10811, 1098, -1446530105, 32765)
Full path with 156 vertices -> [14066,3157,3057,15474,3056,2361,3067,15653,12290,7229,7230,16248,12957,12954,15644,2357,9364,10297,7227,2331,14442,14440,10255,4931,2330,2335,2334,2333,2342,2332,7543,2186,2185,10240,8679,2184,2183,831,6221,4554,2187,3495,6231,765,766,6227,763,764,758,759,6228,830,5192,6692,14415,11714,11677,15831,748,15571,752,7115,15569,14416,9558,15361,9559,867,5204,725,726,729,730,728,5667,5681,5678,5674,5670,5658,5660,6832,3216,851,845,6833,9661,846,16469,847,11090,12985,5823,14023,11634,848,13524,13528,13529,13526,6598,13214,5161,13070,13212,3385,13209,2271,15282,12983,5172,15284,5169,9874,7141,3382,3380,3378,11082,3379,5165,5162,9775,6596,6597,4575,4576,3387,13909,4831,13908,2272,7143,7144,2731,7083,6551,6550,7087,10552,7086,10550,15560,6876,6875,7124,15559,5718,5009,16282,13954,5605,13366,5006,7085,13953]
--------------------------------------------------------------------------------
Path #15 costs: (10728, 1113, -1446530105, 32765)
Full path with 139 vertices -> [14066,3157,3057,15474,3056,2361,2360,2363,15640,2359,2358,2362,2328,2339,7518,7315,2111,2114,837,6217,6200,6224,6211,839,6219,838,6234,4971,4970,4969,4972,860,12414,862,5193,759,6228,830,5192,6692,14415,11714,11677,15831,748,15571,752,7115,15569,14416,9558,15361,9559,867,5204,725,726,729,730,728,5667,5681,5678,5674,5670,5658,5660,6832,3216,851,845,6833,9661,846,16469,847,11090,12985,5823,14023,11634,848,13524,13528,13529,13526,6598,13214,5161,13070,13212,3385,13209,2271,15282,12983,5172,15284,5169,9874,7141,3382,3380,3378,11082,3379,5165,5162,9775,6596,6597,4575,4576,3387,13909,4831,13908,2272,7143,7144,2731,7083,7081,7084,14477,15560,6876,6875,7124,15559,5718,5009,16282,13954,5605,13366,5006,7085,13953]
--------------------------------------------------------------------------------
Path #16 costs: (10724, 1136, -1446530105, 32765)
Full path with 142 vertices -> [14066,3157,3057,15474,3056,2361,2360,2363,15640,2359,2358,2362,2328,2339,7518,7315,2111,2114,837,6217,6200,6224,6211,839,6219,838,6234,4971,4970,4969,4972,860,12414,862,5193,759,6228,830,5192,6692,14415,11714,11677,15831,748,15571,752,7115,15569,14416,9558,15361,9559,867,5204,725,726,729,730,728,5667,5681,5678,5674,5670,5658,5660,6832,3216,851,845,6833,9661,846,16469,847,11090,12985,5823,14023,11634,848,13524,13528,13529,13526,6598,13214,5161,13070,13212,3385,13209,2271,15282,12983,5172,15284,5169,9874,7141,3382,3380,3378,11082,3379,5165,5162,9775,6596,6597,4575,4576,3387,13909,4831,13908,2272,7143,7144,2731,7083,6551,6550,7087,10552,7086,10550,15560,6876,6875,7124,15559,5718,5009,16282,13954,5605,13366,5006,7085,13953]
