# old_node_id  xy_node_id
360978 4
442190 14
442194 16
442196 17
10381651 38
21378244 47
21389560 49
21389561 50
24912956 55
24912958 57
24912987 72
24912988 73
24912989 74
24913004 81
24913010 83
24913012 84
24913022 91
24913023 92
24923830 95
24923995 97
25078033 115
25239055 121
25239223 122
27472835 138
28381420 139
28381427 140
28389915 142
28390251 148
28868768 164
28868827 172
28868829 173
28868831 174
28868854 176
28868855 177
28869459 192
28869547 198
29015693 217
29015696 218
29015697 219
30254677 244
30560446 249
30621790 252
30624733 262
30624762 265
30624823 267
30677730 274
30677810 279
30677811 280
30677963 282
30677965 283
30677968 286
30693100 295
30693123 301
30693126 303
30693129 304
30693178 309
30693179 310
30730579 322
30732894 333
30733085 334
30733088 335
30733089 336
30763100 344
30763252 347
30763263 348
30763303 352
30763304 353
30763305 354
30763491 359
30769728 361
30769730 362
30769745 363
30769748 365
30769750 366
30769865 372
30769868 373
30793832 388
30793840 390
34909766 410
34909804 415
34909805 416
34909807 417
34909808 418
34909811 419
34956128 430
34958085 438
34959054 439
34960071 449
34960212 451
35118433 455
35135061 465
35157845 467
35157898 468
35157900 469
35157928 472
35157971 475
35462733 504
35492277 505
35493267 509
35784396 521
35876731 522
35876736 523
35876782 527
35876795 528
36476891 604
36476892 605
36476947 607
36477659 608
36477662 611
36478353 614
36480662 634
36480664 636
36480971 638
36597967 658
36709331 666
36709337 667
39858293 683
39861002 689
39861004 690
42118613 696
43017279 701
43017282 702
43017309 705
43017312 706
43017325 708
50684987 746
51173423 750
51208132 754
51208346 758
51208347 759
51210440 767
52679427 791
59622950 806
59629608 812
59723134 819
59723149 821
59968544 830
60011727 834
60011743 836
60011749 838
60012670 839
60032479 843
60032480 844
60579692 859
60579932 862
60580061 866
60580062 867
64621796 896
64622806 901
74889076 908
74906073 910
76461939 915
81079742 919
82408956 937
83064888 953
83064892 954
87935323 961
88194432 963
88195532 964
88195739 965
88198573 969
88199104 970
88199568 971
89162998 979
89163097 982
96484914 997
96486361 998
96487231 999
96511169 1010
96512098 1012
96512099 1013
96530607 1028
96530609 1029
96537668 1033
100293163 1040
100294494 1041
100297158 1062
100297166 1064
100299464 1073
100300379 1080
100300380 1081
100301938 1092
100302802 1098
100303790 1105
105349594 1117
105349597 1118
105349602 1122
105349612 1123
105356385 1126
105356397 1128
105368255 1141
105376792 1143
105412991 1162
108300613 1189
108300614 1190
108300615 1191
108300616 1192
108303842 1194
108368123 1196
110548699 1203
111674478 1219
111675193 1220
111677369 1222
112378641 1251
112395351 1260
112395352 1261
112395627 1263
112395831 1264
112396316 1267
112400145 1270
112420300 1274
114277884 1280
114279639 1282
115647966 1302
115674981 1309
115674988 1310
115674990 1311
116118817 1327
116141316 1355
116142969 1365
116147539 1373
116147572 1375
119106341 1426
119110881 1435
125382546 1461
125391183 1468
125487646 1471
125629793 1489
128054158 1508
128064623 1510
128598877 1512
128600197 1513
129500041 1516
129500123 1517
130032798 1550
130032800 1551
130032801 1552
130032822 1553
130033167 1560
130033374 1566
130033433 1567
132763840 1584
132763862 1587
132764941 1593
132765470 1594
132765473 1596
132765476 1598
132766559 1599
132773113 1607
137281683 1634
137283445 1636
137292918 1641
137352699 1643
137352701 1644
137572217 1656
137605396 1662
139182688 1736
139182689 1737
139183098 1740
139185773 1747
139187000 1748
139187003 1749
139192417 1766
139194004 1773
139213400 1784
139219159 1786
139220768 1787
139231601 1795
139234934 1807
139235855 1810
139235856 1811
139237003 1812
139275588 1839
139275870 1840
139277187 1841
139277568 1842
139280053 1843
139280055 1844
139284388 1846
139313137 1864
139314156 1865
139315445 1867
139328376 1871
139458486 1872
139460608 1876
139482588 1886
139484116 1888
139484482 1889
139487629 1891
139489276 1894
139489283 1897
141443735 1914
141443846 1915
141444963 1918
141446378 1920
141588923 1926
141596145 1932
141596149 1933
141596303 1934
141598360 1938
141600011 1944
141600012 1945
141600258 1947
141607250 1977
141607400 1978
141607401 1979
141607528 1981
141607529 1982
141607715 1983
141943513 2017
141943812 2020
141944042 2021
141944591 2022
141944621 2023
142634951 2030
145910318 2054
145911498 2055
148726565 2075
149037546 2086
149037556 2088
149037580 2089
149038494 2094
149038820 2100
150738338 2115
150743269 2130
150743276 2131
150743280 2132
150744688 2147
150744969 2153
150744980 2154
150744989 2155
152528837 2164
152528856 2165
152530915 2169
153555206 2171
156574467 2187
156574531 2193
156574550 2195
156574567 2197
156574590 2200
156574772 2220
156823790 2230
156823798 2231
158292822 2255
158700138 2275
158704573 2284
158704576 2285
161395188 2289
162613330 2301
162613336 2302
163931688 2316
164348857 2319
165123236 2322
165134853 2326
166334525 2361
166334756 2362
166413130 2366
166417408 2369
166417416 2370
168745835 2384
168745845 2387
169278795 2390
169279414 2393
169280514 2396
172958521 2419
172960597 2420
173311187 2446
173311195 2448
173311201 2449
173317685 2452
173317686 2453
175078684 2488
176735394 2503
176738029 2504
176756824 2515
176762224 2516
176784883 2525
176785475 2526
176785476 2527
176786045 2528
176837387 2561
176840451 2567
176841134 2569
176841135 2570
176842449 2573
176844902 2574
176854270 2575
176864419 2588
176866183 2591
178685607 2614
178688180 2617
178697289 2630
178697919 2632
178698211 2633
178704258 2637
178707743 2640
178707747 2642
178716655 2647
178719843 2650
178720925 2652
178721010 2653
178721711 2654
178722366 2657
178724459 2659
178726741 2663
178732133 2667
178745312 2689
178746636 2690
178755114 2692
178755368 2693
178755369 2694
178755519 2695
178756613 2696
180220480 2733
180220481 2734
180223559 2744
180232904 2754
181310538 2784
181310543 2785
185719237 2806
185719617 2807
185719618 2808
185722367 2811
185723183 2813
185727672 2816
190691030 2825
190973768 2834
192491767 2847
192491770 2848
192491778 2849
192492032 2851
192771004 2872
192801121 2876
192803783 2877
192808082 2878
192809528 2879
192811605 2882
192820230 2883
192823013 2887
192823357 2888
192824288 2889
193726695 2915
193727159 2917
193730462 2920
193730640 2921
193731791 2922
193740485 2926
193741587 2928
193743531 2932
193873572 2948
193879334 2949
195460042 2971
195462998 2972
195518389 2978
196188491 2988
196188574 2990
196188597 2991
196188600 2992
196188612 2994
196188796 3000
196475636 3010
196586670 3011
196616052 3014
196683922 3026
196683963 3027
196684063 3029
196684074 3030
196684077 3031
197393283 3057
197393372 3070
197393547 3076
197445822 3089
197643335 3104
197757758 3110
197766439 3112
198660719 3167
198761477 3171
198789110 3184
198790626 3186
198807023 3201
198863918 3241
199008134 3266
199080024 3277
199084260 3280
199121868 3298
199122780 3299
199123279 3301
199125094 3305
199127868 3314
199128723 3315
199164227 3323
199164525 3324
199190811 3332
199190813 3333
199191875 3335
199191966 3336
199462978 3353
199463005 3356
199463015 3357
199463030 3358
199463042 3360
199463057 3361
199463137 3362
199463143 3363
200785029 3370
200808991 3371
201191824 3382
201479892 3402
201482437 3403
202358589 3428
202358594 3429
202358596 3430
202379976 3431
202480301 3438
202549988 3444
203247658 3458
203247659 3459
203865005 3482
203866263 3483
203947623 3490
205008696 3524
205331342 3550
205338508 3562
205338528 3564
205338660 3566
205350413 3570
205434192 3574
205436210 3578
205453141 3590
205460117 3599
205462054 3600
205463714 3602
205463715 3603
205465077 3605
205479637 3618
205488077 3621
205494831 3625
205495345 3631
205495864 3632
205497478 3643
205497520 3645
205497544 3646
205497714 3647
205501475 3689
205502989 3699
205512888 3713
205512896 3714
205512905 3715
205608435 3728
206096981 3749
206097426 3755
206128197 3765
206128207 3768
206130429 3773
206130442 3774
206130445 3775
206142594 3782
206156093 3785
206156096 3787
206156858 3788
206158775 3791
206162655 3813
206162662 3817
206162666 3818
206162673 3820
206162675 3821
206162677 3822
206163295 3825
206163299 3827
206217262 3838
206217309 3839
206217310 3840
206219067 3851
206237093 3868
206238788 3874
206238790 3875
206240048 3878
206240050 3879
206240596 3881
206240683 3882
206266186 3890
206266197 3891
206269589 3901
206274069 3909
206278358 3933
206279746 3939
206279749 3940
206286919 3944
206292679 3947
206292711 3949
206292862 3950
206293525 3951
206293530 3952
206301466 3958
206301481 3960
206301494 3961
206307386 3966
206316045 3969
206316050 3970
206388680 4043
206389347 4057
206389358 4058
206389686 4076
206389761 4077
206389765 4080
206389766 4081
206389767 4082
207422128 4097
207422135 4099
207430918 4103
207438426 4109
207447689 4118
207449920 4137
207449923 4138
207453228 4140
207454567 4141
207459379 4143
207459381 4144
207459385 4147
207459388 4148
207501541 4156
207502162 4166
207502167 4167
207502196 4171
208320017 4188
208322798 4195
208324851 4198
208334447 4212
208509592 4242
208514129 4245
208514356 4246
208514357 4247
208516949 4253
208532995 4280
208533091 4281
208533114 4282
208653797 4289
208653826 4290
208653833 4291
208678454 4297
208679725 4301
208693462 4306
208705964 4310
208717348 4313
208720859 4314
208839948 4317
208840813 4321
209090607 4360
209136717 4366
209140651 4368
209163528 4370
211217155 4411
213620652 4437
213644039 4441
213850873 4447
213850880 4448
213851917 4449
215108886 4468
215927388 4502
215930007 4504
215932070 4505
215932073 4506
216341374 4508
216354097 4514
216354819 4515
216400650 4530
216482808 4558
218202575 4586
218202732 4588
218202877 4595
218202920 4597
218318295 4613
218318369 4619
218318414 4623
218318462 4626
218318490 4629
218318735 4642
224294973 4662
224773566 4665
226266865 4670
227312858 4672
229190922 4692
229191504 4693
229192565 4695
229193616 4700
229816708 4730
229857834 4736
229863124 4741
229902749 4749
229902752 4750
229914991 4756
231762248 4786
231762348 4787
231934435 4827
231946329 4829
231946450 4830
233273804 4889
235835979 4893
237071581 4898
237071583 4899
237079626 4926
237079629 4927
237079632 4928
237395930 4944
237416445 4946
237605290 4962
237628132 4972
241158753 5010
241158765 5011
241160278 5012
241468896 5017
241468903 5018
241468928 5022
241468945 5023
241468971 5025
241468978 5026
241468980 5027
241469884 5028
241473532 5035
241473612 5036
241485407 5040
241485411 5041
241485418 5043
241485423 5044
241485430 5045
241485445 5048
241485468 5051
241491022 5058
241595607 5099
241595611 5100
241802917 5146
241889760 5196
241889767 5197
241891140 5199
241891142 5200
241893998 5214
241928634 5245
241929205 5252
241929567 5259
242163690 5266
242246319 5287
242542750 5290
242543191 5292
242548265 5296
242548315 5298
242548319 5299
242548321 5300
242564512 5318
242564659 5319
242566128 5324
242566130 5325
242570633 5330
242571707 5331
242572203 5332
242573024 5333
242578356 5345
242578362 5346
242578364 5347
242579473 5350
242579488 5351
242580336 5353
242580338 5354
242696718 5357
242698294 5360
242698574 5363
242773027 5365
242927190 5392
242927212 5394
242927239 5397
243046359 5410
243191638 5432
243192294 5436
243192300 5439
243203627 5442
243203752 5445
243204119 5459
243204391 5460
243207975 5471
243207980 5472
243208074 5479
243209380 5488
243215300 5515
243344248 5528
243346148 5543
243346407 5545
243347169 5554
243349444 5569
243455215 5573
243455222 5574
243457621 5577
243680866 5616
243680871 5618
243680976 5625
243738820 5644
243892082 5667
243898107 5710
243898112 5712
243898177 5721
243988959 5741
244131754 5784
244148167 5797
244348841 5809
244429681 5823
244429717 5824
244429727 5826
244438301 5827
244438581 5829
244438642 5831
244438682 5832
244509773 5844
244509776 5845
244509777 5846
244509778 5847
244510586 5850
244510657 5854
244601901 5901
244602160 5902
244602646 5905
244603161 5906
244603489 5908
244603754 5910
244909657 5919
244909996 5920
245403006 5926
245403218 5927
246140417 6008
246140534 6011
246140848 6017
246140849 6018
246140919 6019
246140921 6020
246142628 6025
246142685 6026
246142722 6027
246146747 6040
246146950 6041
246147001 6042
246154995 6049
246154997 6050
246161445 6053
246161611 6054
246187255 6058
246187288 6061
246787078 6086
247156831 6097
247220604 6124
247471551 6156
247471561 6157
247471568 6158
247473144 6161
247473145 6162
247473146 6163
247473157 6164
247473572 6169
247473574 6170
247473577 6171
247567119 6173
247567137 6176
247576267 6185
247576272 6186
247579754 6194
247852248 6222
247855756 6224
247856003 6225
247856342 6226
247856855 6227
247866764 6231
248175283 6245
248768834 6259
248768837 6260
248768843 6262
248769203 6266
248790771 6267
248878308 6271
248898687 6276
248898689 6277
248898732 6281
248898741 6285
249549514 6297
249550533 6300
249581622 6301
249662613 6311
249662614 6312
249744390 6314
250346766 6320
250346769 6321
250528509 6340
250553450 6357
250553489 6362
250972292 6389
250972499 6390
250972605 6391
250972950 6393
250976062 6404
250976325 6405
251137254 6422
251137275 6427
251137349 6435
251137384 6441
251137736 6447
251141597 6448
251141629 6451
251142238 6454
251152513 6468
251153881 6478
251153884 6479
251154513 6481
251301132 6484
251302784 6485
251302786 6486
251481403 6508
251489815 6509
251489823 6510
251489933 6511
251490191 6512
251613233 6538
251613255 6539
251613381 6544
251670924 6559
251671658 6561
251671659 6562
251672386 6572
251673259 6575
251673266 6576
251673285 6579
251673289 6581
251684309 6590
251684314 6593
251684316 6594
251686567 6608
251686732 6610
251687099 6611
251690547 6619
251690559 6620
251745514 6654
251745533 6655
251745570 6656
251745589 6659
251749880 6662
251749884 6663
251749886 6664
251749962 6667
251749986 6668
251803324 6675
251821100 6680
251821334 6681
251821789 6684
251821793 6685
251825983 6688
251849704 6689
251850465 6690
251850940 6691
251878913 6694
253143117 6727
253357342 6734
253360140 6742
253360145 6744
253360814 6747
253360818 6748
253360820 6749
253362657 6750
253850536 6787
253857805 6796
253863115 6805
253863119 6806
253863285 6809
253864705 6810
253864749 6815
253865687 6819
253865691 6820
253869198 6831
255424971 6893
255425812 6897
255426792 6904
255426870 6906
257037441 6954
257043109 6957
257802188 6988
257802921 6991
257803342 6993
257803354 6994
257811113 7011
257811470 7014
257811968 7015
257830421 7023
257840735 7030
258522296 7052
258522307 7054
258525440 7093
258525444 7094
258525447 7095
258526583 7103
258527192 7107
258527195 7108
258529143 7113
258534712 7124
258534993 7127
259245973 7230
259247851 7232
259436185 7236
260008162 7330
260010047 7333
260017871 7340
260018005 7341
260284445 7342
260428084 7346
260428087 7347
260775606 7376
260775608 7377
262818988 7413
262820456 7426
264042570 7439
265708314 7451
267039539 7460
267039703 7462
267040030 7465
267040035 7467
267040304 7472
267147810 7485
267204030 7507
267210180 7509
267219480 7513
267223059 7519
267223194 7520
267223401 7522
267223418 7524
267225469 7526
267225470 7527
267225726 7528
267225727 7529
267226357 7531
267234035 7534
267234092 7536
267234093 7537
267254163 7542
267255205 7543
267319446 7549
267319447 7550
267319448 7551
267319450 7552
268398940 7574
268398941 7575
268398944 7576
268398948 7579
268399405 7585
268400045 7593
268400765 7617
268400809 7619
268400838 7620
268400840 7621
268400853 7622
268401021 7630
268401381 7648
268401385 7649
268401390 7650
268401402 7651
268401473 7653
268401480 7654
268401552 7662
268401579 7665
268401580 7666
268401757 7680
268403570 7695
268403571 7696
268813482 7705
269306713 7726
269306714 7727
270189831 7740
270189833 7741
271195305 7755
271195623 7756
276691535 7822
276731211 7832
276973214 7835
277426918 7841
277426919 7842
277562319 7846
277569003 7850
277762528 7855
277762543 7860
277762544 7861
279192316 7871
279265154 7872
279361157 7874
280542537 7882
280698687 7890
280733476 7901
280737061 7904
280739261 7905
280947647 7912
280948564 7916
280948701 7918
280951075 7925
281675747 7933
282709334 7948
282711553 7959
282842788 7961
282842887 7962
282892685 7970
282895331 7977
282901446 7982
282906178 7987
282906180 7988
282906184 7989
282906360 7990
282906384 7992
282906472 7993
282906963 7996
282910441 7999
282910581 8000
283817389 8024
286139981 8033
286141915 8036
286577960 8041
286577971 8045
287019442 8058
287242098 8069
288031021 8081
288566672 8097
288566674 8098
288842799 8106
288842805 8107
288842824 8108
288931969 8113
288941850 8117
288941853 8118
289687597 8121
289715553 8124
289715576 8127
290035390 8131
290039511 8171
290039563 8172
290039630 8173
290040870 8193
290040877 8194
290041074 8198
290041643 8205
290043339 8211
290043381 8213
290043409 8214
290043461 8221
290043651 8229
290043819 8234
290259466 8247
290433556 8264
290433557 8265
291312983 8303
291747435 8317
291748429 8321
291748533 8322
291921353 8324
291921366 8326
295703042 8401
296234989 8406
296234991 8407
296628136 8417
296628152 8420
296628199 8425
296628209 8426
296628407 8430
296628411 8431
296628522 8436
296628558 8439
296936335 8441
296936346 8444
296936348 8445
297324555 8455
297324556 8456
297324568 8457
297750728 8473
297758735 8486
297758741 8487
297970487 8492
298182164 8506
298182195 8509
298182248 8511
298251077 8522
298251107 8523
298251119 8525
298740661 8563
298862032 8571
298862040 8572
298862066 8574
298869163 8580
299458106 8591
299458111 8593
299458116 8594
301439057 8607
301589510 8619
301798990 8628
301841810 8631
302058308 8642
302058834 8653
302058966 8659
302059053 8662
302059608 8678
302059750 8680
302059751 8681
302059776 8686
303704728 8864
303851498 8872
303851514 8873
303851541 8875
303861632 8901
303980222 8913
303980374 8915
303981263 8919
303981267 8920
303981569 8921
303984180 8923
307814576 9009
307877533 9021
310285394 9105
310436892 9125
310843750 9158
310846929 9163
310988756 9172
311097281 9190
311373994 9193
312976002 9209
312976006 9210
313675779 9234
313675942 9235
313678715 9246
313678719 9247
313945409 9253
313955869 9271
313957097 9274
313957121 9275
314077035 9280
314077084 9282
314077085 9283
315355179 9330
315355241 9331
315357604 9338
315479451 9339
315480329 9347
315480399 9348
315480411 9349
315986516 9393
316807063 9443
317782171 9507
317782194 9508
318176868 9512
319191772 9519
326183374 9615
330255588 9635
330547031 9639
330547223 9640
331093993 9663
331094370 9666
331095292 9668
331571640 9683
331572297 9684
331879377 9686
334116488 9694
334660664 9698
334660672 9699
336783880 9714
338815283 9731
338815285 9732
338918068 9737
338965536 9741
339398478 9756
342964676 9765
343722955 9797
344638186 9799
344786787 9805
349035966 9913
349228332 9932
349228337 9933
349228348 9934
353694953 9963
353694959 9964
353763956 9969
353871025 9973
353871042 9974
353871044 9975
355602426 9987
360348083 10022
360348088 10023
360818303 10050
360825996 10058
364921411 10109
364922605 10110
366072496 10122
366094741 10126
366096868 10131
366103120 10134
366103208 10135
366106551 10140
366106552 10141
366155051 10151
366155094 10152
366216344 10169
366217348 10172
366217624 10174
366218132 10175
366218297 10176
366221876 10183
367393914 10192
367829356 10194
367829434 10195
370793561 10276
371251952 10281
371252230 10283
371252240 10284
371305285 10285
385417260 10355
385765837 10366
385765849 10371
385765852 10372
386581826 10376
387675639 10390
387686326 10398
387690600 10400
388505767 10409
392613400 10432
392613403 10433
401909526 10450
409484238 10475
409776494 10483
410568092 10493
410568097 10494
412430610 10516
412430815 10523
412430819 10524
415259263 10540
415463483 10546
415803970 10552
416310522 10570
418148615 10597
418148619 10598
418155013 10599
419786696 10604
421982822 10613
421985310 10615
422017709 10618
432031842 10677
436562834 10691
439216182 10711
440346610 10728
441386386 10730
443151048 10746
443151050 10748
445726257 10796
446017232 10804
446041211 10812
446080832 10819
446080856 10820
446080886 10823
446080889 10824
446136170 10843
446152464 10854
446152528 10857
446152533 10858
446152582 10860
446161835 10863
446191323 10882
446191324 10883
446936330 10903
446944848 10907
447822593 10939
448012817 10948
450112279 11022
451732758 11078
451732762 11079
452512990 11108
452512991 11109
452513123 11120
452513125 11121
452513130 11123
452536100 11126
452536101 11127
452536116 11133
452536117 11134
459392018 11159
466187924 11188
470333837 11222
470340588 11226
470340910 11229
470341361 11231
470341509 11233
471166521 11272
471845470 11281
475021305 11291
475056937 11294
492256054 11320
492256100 11322
492256163 11325
492256426 11331
492256491 11333
492256520 11334
493302066 11359
493302124 11363
493302270 11364
496108528 11456
497131062 11468
497143353 11472
499148352 11481
499149118 11482
499149518 11483
499181273 11504
501556367 11518
501558059 11525
502836297 11527
502837106 11529
502847853 11547
503468156 11559
512492335 11602
512492369 11603
512499535 11604
513972750 11608
523812001 11624
526296933 11626
537631789 11675
565445619 11735
565492109 11737
565492110 11738
565492188 11740
565492189 11741
567437436 11745
567962193 11765
568456755 11774
568456757 11775
569932533 11783
569936875 11800
569943487 11806
569974548 11816
571588517 11833
571910317 11837
573423501 11842
575774534 11865
575774680 11866
586713879 11899
586891767 11910
586894768 11912
586897619 11914
586897628 11916
587393143 11923
587634186 11932
587639186 11934
587639679 11936
587663723 11946
593278237 11955
597665994 11968
597719321 11974
597720280 11975
598896343 11992
600197284 12002
600197356 12003
600289725 12005
602643783 12042
604013966 12062
604029292 12065
604032045 12066
605545821 12079
606957485 12087
606957812 12088
606960894 12089
612966407 12095
616203669 12103
616203670 12104
616203676 12107
616203677 12108
616203678 12109
626873174 12165
626873185 12166
631976129 12185
633622892 12207
635142423 12213
635142425 12214
654033972 12292
656223375 12301
658054601 12315
659424080 12318
659445255 12319
659445618 12320
659446448 12321
659506611 12327
659726000 12330
659727493 12333
659727518 12334
659727528 12335
660896572 12351
664808727 12372
664808728 12373
665359190 12385
665359192 12386
665359207 12388
665423051 12391
665428093 12393
667280324 12410
668591031 12412
668591032 12413
669086491 12421
673770423 12452
673770429 12453
673971955 12458
678448196 12482
678448225 12487
681334888 12539
692825450 12612
692825452 12613
694103896 12629
694103910 12632
694169149 12636
694169167 12637
694169237 12638
701611037 12655
703049007 12661
709083266 12695
709083324 12696
722655645 12702
722655694 12706
722663087 12709
722917907 12712
725575241 12722
727410889 12729
730033583 12742
746754572 12753
746777245 12754
767062556 12803
771229905 12820
772992407 12829
775953245 12840
789827642 12849
789827650 12854
793643225 12875
793649105 12880
793652412 12882
801179381 12921
801179386 12923
801179432 12925
801179467 12926
801179479 12927
801179550 12928
808855703 12935
808862001 12936
812000570 12952
817902509 12973
817902528 12974
826674978 13001
827009036 13002
829633411 13005
833524368 13017
844093634 13063
844093652 13066
844093692 13068
844093726 13070
856671464 13085
874633335 13142
874633353 13144
874633375 13147
876025610 13162
881993635 13184
895738400 13212
895739403 13214
903193116 13242
903193452 13251
903193936 13262
907016400 13278
907016569 13279
913657572 13319
915947143 13331
923155202 13363
923155210 13364
927018717 13395
930283247 13404
940349216 13415
940349223 13416
945708539 13425
945708541 13426
945708551 13427
955065294 13433
961464426 13445
974136782 13482
974137022 13489
975538780 13493
975538792 13496
975538801 13497
975538932 13504
975538996 13507
992150664 13528
994448165 13530
1016172359 13562
1019724638 13600
1019724657 13601
1019724658 13602
1019724677 13607
1019724686 13608
1025402153 13638
1025402171 13639
1025402173 13640
1025402194 13641
1037154598 13676
1037363266 13683
1037363300 13684
1039345029 13693
1044936346 13701
1045342332 13715
1056237913 13731
1072393039 13746
1072393148 13751
1089213367 13764
1089213402 13765
1089241551 13773
1106778985 13800
1106779227 13801
1118665252 13813
1123351511 13814
1143417124 13834
1183627003 13870
1204778263 13906
1204778374 13907
1204778388 13908
1205057918 13910
1218232644 13923
1218923950 13929
1235261766 13940
1238508015 13950
1238723832 13951
1275941205 13985
1275941210 13986
1275941226 13990
1276049115 14001
1276078616 14004
1276078619 14005
1278630233 14006
1278630883 14007
1293307999 14014
1298833122 14033
1302831634 14042
1302831855 14044
1312440200 14061
1312440307 14062
1314600228 14075
1315531478 14078
1317069502 14081
1317069516 14082
1317069547 14083
1317075007 14085
1317075010 14086
1326668205 14093
1342050608 14165
1344734643 14174
1345325289 14182
1345571621 14190
1354677041 14280
1354721823 14284
1354721832 14285
1354993462 14297
1354993470 14298
1368372739 14374
1368372740 14375
1368372763 14377
1369388480 14382
1369388488 14383
1369388549 14385
1370447060 14396
1370447078 14397
1370447379 14410
1370447479 14415
1370447549 14417
1375576642 14423
1375576653 14425
1375576695 14431
1376173594 14471
1377830930 14477
1377830946 14479
1377830950 14480
1387812895 14502
1398652769 14508
1404776224 14520
1414495873 14537
1415100211 14544
1415123818 14547
1416613231 14553
1416618525 14557
1416623859 14558
1425506339 14578
1425506351 14580
1425506377 14584
1425506394 14585
1426119164 14591
1426119176 14592
1428481965 14607
1428482032 14608
1434490343 14624
1434490475 14628
1434490478 14629
1434490527 14630
1460128702 14663
1460128714 14664
1460128722 14665
1460128770 14667
1461078924 14676
1475080897 14684
1482218202 14726
1487254551 14733
1487254552 14734
1487254727 14736
1487254744 14737
1487254749 14739
1487292430 14751
1487293680 14755
1487294385 14756
1487295329 14758
1490337085 14769
1492339896 14773
1494113204 14775
1494217669 14788
1495289524 14789
1495291449 14797
1497268199 14802
1503868956 14825
1505167509 14849
1505168202 14853
1506234455 14867
1506234456 14868
1506234458 14869
1506234467 14874
1506234473 14876
1506235009 14883
1514150473 14900
1514150475 14901
1514151750 14904
1514151837 14906
1514151847 14907
1514151921 14908
1514151926 14909
1514153948 14911
1514154338 14913
1514154642 14915
1514154666 14916
1514154946 14917
1515257432 14921
1515257757 14923
1515257920 14925
1515258858 14928
1515259127 14930
1515354531 14932
1530142039 14958
1530142052 14959
1532537262 14965
1534238800 14970
1534238812 14971
1534238813 14972
1534238814 14973
1544080689 15017
1544080695 15019
1544080700 15021
1563578737 15063
1584768445 15123
1587375011 15152
1587585770 15157
1590572757 15161
1591374647 15165
1591701878 15169
1600314189 15186
1602492378 15220
1606145291 15235
1607003958 15249
1609026401 15263
1611043987 15267
1613684052 15277
1615374220 15289
1617058816 15300
1619420658 15313
1619420662 15314
1619420663 15315
1619531304 15323
1619540953 15326
1624587760 15331
1630471939 15337
1631875833 15348
1631875862 15349
1634859365 15360
1635660745 15364
1635660764 15366
1639979784 15378
1641216090 15383
1657564053 15434
1665717055 15443
1665717060 15444
1665717062 15445
1672433529 15463
1676654494 15474
1679038424 15483
1682295212 15518
1684698579 15533
1687782997 15554
1690571118 15568
1690598472 15571
1707765160 15623
1731885101 15681
1732789031 15683
1754351082 15739
1757187866 15754
1796739232 15801
1798138794 15811
1806603967 15843
1806603980 15847
1808029376 15861
1826636018 15886
1827370433 15920
1827370434 15921
1828816066 15938
1828816086 15939
1828816125 15941
1829068584 15948
1829068590 15950
1829457404 15956
1830878601 15989
1830878606 15990
1830878609 15991
1830878612 15992
1830878641 15996
1830878654 15997
1831131643 16017
1831131664 16021
1831131696 16025
1831131758 16031
1831131783 16037
1831131812 16043
1831151707 16046
1831340016 16057
1832250121 16070
1832250134 16071
1832557266 16095
1832557270 16096
1832557271 16097
1833247074 16116
1833665902 16134
1833665908 16135
1833665917 16138
1833665921 16139
1833671356 16141
1833671361 16142
1833671375 16144
1833671379 16146
1833978788 16154
1834027594 16166
1834331362 16177
1834331423 16183
1834331425 16184
1834331438 16187
1834331513 16192
1834675587 16277
1834805068 16288
1835020498 16297
1835020500 16299
1835020505 16303
1835348119 16317
1835505856 16325
1835505876 16326
1836073128 16404
1836073164 16406
1836073202 16409
1836073236 16416
1836073326 16436
1836180393 16438
1836529341 16441
1836529393 16446
1836529486 16454
1836529515 16455
1836967767 16468
1837326905 16471
1837326942 16475
1837326981 16478
1837327047 16479
1837718933 16484
1837718934 16485
1837882450 16497
1838154306 16507
1838154311 16509
1838154364 16512
1839185353 16524
1839185363 16526
1840306390 16539
1841010583 16545
1843322184 16567
1843322252 16570
1843322334 16575
1843322340 16577
1843322372 16583
1843322384 16585
1845970501 16599
1845970502 16600
1845970515 16605
1845970520 16607
1845970573 16613
1845970585 16619
1845970613 16622
1846028623 16641
1848897394 16649
1849046223 16660
1849046225 16661
1849546577 16665
1849595077 16669
1849853990 16674
1849855846 16676
1856342477 16698
1863194061 16733
1863269603 16734
1863936322 16754
1863936328 16756
1863936335 16758
1863960417 16761
1864159517 16763
1864159520 16765
1864159521 16766
1864159522 16767
1864159524 16768
1868644403 16819
1868644406 16820
1868789499 16834
1869644361 16842
1883112764 16851
1883112765 16852
1889957035 16871
1889957036 16872
1891430479 16878
1901808390 16894
1918394723 16928
1918454141 16932
1919347331 16945
1925158092 16949
1932500525 16952
1933700992 16953
1942778576 16962
1946013866 16971
1946013880 16972
1954949272 16976
1956468442 16978
1969233415 16992
1982992326 17002
1998483318 17024
2005082684 17025
2020502247 17034
2054691924 17055
2064677344 17059
2064677345 17060
2064677346 17061
2064677347 17062
2064677348 17063
2066694509 17066
2066694540 17068
2099082253 17094
2125815029 17109
2125815032 17111
2126565577 17120
2126706731 17121
2127834863 17123
2128295708 17126
2140174376 17179
2156611275 17212
2165196010 17241
2166202422 17246
2170943935 17276
2171022421 17279
2171719637 17280
2172425831 17299
2175148183 17302
2179117347 17313
2179117355 17314
2184277661 17322
2188959445 17329
2199915482 17347
2200063464 17382
2200064360 17385
2200064606 17389
2200064620 17390
2200064686 17391
2200417041 17392
2217372378 17411
2240230196 17429
2248644459 17446
2263022715 17452
2273015342 17460
2276036410 17464
2276036441 17466
2278810447 17517
2278810453 17518
2278810471 17519
2278810484 17520
2282401648 17529
2282401649 17530
2282401652 17531
2282401654 17533
2282401659 17536
2282401661 17537
2284819834 17553
2284819847 17554
2288583089 17567
2295298133 17585
2303848345 17619
2323724325 17678
2331840440 17708
2335130142 17711
2352550447 17745
2356947041 17778
2357213486 17789
2357300096 17790
2361426854 17796
2361426861 17797
2362037075 17803
2364062905 17809
2384568131 17840
2389846037 17851
2392833505 17859
2400916041 17898
2400916042 17899
2403668753 17905
2403668761 17906
2403668762 17907
2421328907 17924
2427305657 17930
2443190689 17954
2458195471 17980
2468291307 18000
2472804046 18016
2474624876 18020
2477870674 18021
2478005432 18022
2478005435 18023
2478969593 18032
2481965890 18034
2483337134 18042
2483337142 18043
2483337377 18046
2484630420 18050
2491664490 18079
2491664499 18083
2497906078 18091
2514382978 18109
2514890937 18120
2518804296 18129
2518804300 18130
2535234321 18145
2536611904 18147
2559546472 18187
2560494549 18191
2563037923 18196
2565542650 18210
2576959242 18218
2581274362 18226
2589163949 18240
2603049099 18263
2627128644 18305
2633470466 18314
2644686854 18331
2644686866 18332
2647746708 18335
2649564146 18341
2663544553 18360
2666215388 18366
2696719360 18402
2721544822 18416
2730989741 18422
2786609361 18469
2804975586 18486
2805498680 18489
2834626615 18515
2849874045 18537
2859787923 18550
2879499378 18579
2888195837 18588
2902270106 18605
2927559688 18625
2941806994 18635
2941807601 18636
2955887582 18637
3047086288 18671
3048541959 18674
3060141924 18688
3102677982 18699
3124734052 18711
3126181090 18715
3126257798 18719
3183558770 18756
3184451216 18757
3185267537 18759
3185281166 18761
3191577802 18789
3200702992 18796
3212283409 18801
3228938763 18809
3230032318 18811
3247052682 18839
3390471710 18945
3424970714 18957
3424970723 18958
3424970724 18959
3424970729 18962
3424970735 18963
3425070419 18968
3428139560 18973
3437657041 18989
3450900804 18993
3450900811 18994
3452612301 18997
3482617217 19013
3507322937 19043
3523426412 19073
3539283920 19097
3571864464 19117
3622343435 19143
3645921532 19151
3663154235 19162
3667429555 19169
3671259413 19180
3684726803 19212
3685653376 19215
3685653378 19216
3685653379 19217
3723290712 19233
3723290713 19234
3723358499 19236
3723358500 19237
3770654020 19307
3790547416 19327
3790547468 19330
3800523058 19345
3810924299 19359
3813597177 19361
3815727012 19363
3858462774 19376
3936245943 19410
3955940287 19419
3964899153 19427
3964899155 19428
4065498050 19465
4095923031 19496
4095923032 19497
4095923038 19498
4189911261 19537
4192272358 19538
4192272360 19539
4192272361 19540
4284129229 19591
4284129238 19592
4317590965 19621
4317600946 19628
4318175616 19634
4329689307 19652
4329689309 19653
4348836979 19658
4390042195 19704
4415006635 19710
4428846089 19713
4429575670 19717
4451927458 19731
4474760435 19748
4551438160 19771
4707207509 19811
4707207513 19812
4774574857 19833
4826726296 19845
4832146673 19851
4832146682 19856
4832146683 19857
4832146684 19858
4832146685 19859
4842715388 19879
4878455869 19884
5077583590 19941
5077711487 19942
5097429499 19949
5117321931 19957
5152474383 19965
5194960503 19992
5203872270 20001
5249252220 20015
5262639727 20025
5301709708 20041
5310490249 20064
5310490255 20065
5318255618 20073
5327762743 20105
5339646538 20122
5343200822 20125
5346952854 20127
5393381692 20148
5405652584 20152
5405652598 20153
5405653564 20154
5420520187 20164
5422134977 20165
5473644313 20171
5602878952 20205
5678186342 20246
5706518830 20269
5706518832 20270
5739547507 20293
5739547508 20294
5739547511 20295
5745367032 20297
5747813121 20301
5751911426 20303
5751911428 20304
5775727803 20316
5857273556 20340
5865742306 20343
5875496023 20348
5875496030 20349
5915582202 20370
5934060399 20385
5964911255 20397
6030792600 20417
6116215780 20436
6154219211 20455
6180504431 20467
6194954302 20469
6248084843 20494
6248084850 20495
6248084855 20496
6270444669 20503
6277542763 20509
6284655974 20513
6285121540 20514
6379962154 20569
6379962157 20571
6379962171 20574
6387235916 20576
6395636565 20579
6401942432 20585
6433345758 20615
6433345764 20616
6462442454 20638
6531605265 20687
6563093650 20694
6563093651 20695
6614916073 20698
6614916076 20700
6617801918 20702
6621399825 20707
6699453034 20731
6703119600 20737
6742342024 20758
6806447919 20792
6862869363 20819
6875144152 20831
6945938389 20846
6965906228 20852
7003269068 20856
7008625530 20861
7011053525 20864
7011053526 20865
7035615519 20869
7140210040 20904
7141309723 20905
7147532285 20907
7147532334 20916
7168778366 20931
7187430997 20934
7187431011 20935
7187431012 20936
7256018092 20949
7256025708 20950
7261940093 20951
7261940104 20952
7280346478 20958
7289029902 20959
7430316759 20985
7434232679 20989
7466798730 20997
7520654946 21009
7563731461 21022
7640517641 21058
7644421858 21060
7661085079 21072
7674888688 21080
7674888689 21081
7674888690 21082
7674888691 21083
7703312544 21085
7707697239 21089
7708795749 21090
7740598781 21100
7770498460 21110
7773532722 21113
7774269709 21114
7814598609 21132
7816341695 21135
7816341704 21136
7816341710 21137
7817780362 21144
7817780363 21145
7817780364 21146
7832513024 21154
7832513034 21155
7832513035 21156
7866579833 21165
7973328935 21179
8077923088 21196
8077923092 21197
8084552396 21198
8084552398 21199
8084552403 21200
8220828356 21235
8263967019 21251
8300813089 21265
8412656074 21295
8419521881 21300
8443369819 21304
8495301579 21316
8553599610 21326
8579744904 21332
8643853033 21345
8661790098 21348
8661790103 21349
8684425180 21351
8684425187 21352
8735568109 21372
8743588229 21377
8819034423 21383
8828043301 21388
8911994038 21397
8950738130 21408
8950738132 21409
9147581190 21436
9147581191 21437
9162839217 21441
9223751387 21445
9223751392 21446
9251045008 21457
9275802855 21461
9300969679 21468
9342663726 21483
9585378122 21532
9585378129 21533
9690464370 21565
9883550294 21634
9900156760 21637
9961796085 21655
9962724977 21656
10025948202 21674
10060931612 21683
10067762819 21689
10118108172 21704
10124007301 21706
10125437799 21708
10142854164 21726
10144635479 21728
10144635484 21729
10180947178 21743
10198644414 21748
10210726120 21750
10213493769 21753
10244199666 21764
10301285884 21795
10316832150 21801
10550640485 21805
10601454855 21811
10653293235 21814
10653293236 21815
10653293243 21816
10653293247 21817
10679469147 21831
10679469149 21833
10693812736 21838
10702914041 21839
10703087854 21842
10751894107 21850
10769255209 21854
10769716405 21859
10867354805 21875
10894335737 21883
10894335738 21884
10914716583 21886
10914716584 21887
10914716585 21888
10914716586 21889
10914795991 21890
10914984941 21891
10959838409 21906
10994199531 21910
10994199534 21911
11008500742 21912
11038070284 21922
11042720476 21925
11042720479 21926
11115368215 21953
11216888688 21971
11289066180 21987
11289732367 21989
11289734870 21991
11334661741 21998
11341196598 22004
11362833341 22011
11362833360 22014
11364033868 22034
11364033945 22035
11364093072 22036
11370010427 22073
11378545576 22090
11393992664 22098
11394007493 22099
11535269014 22140
11779182514 22162
11779182518 22163
11779182522 22164
11779182528 22165
11779182539 22166
11779182542 22167
11779182543 22168
11779182566 22170
11804892403 22175
11915932908 22202
11931387015 22208
11950166138 22211
11951600450 22215
11951731981 22216
11954391884 22218
11959025390 22225
11980772162 22232
