# u_old  v_old  key  u_xy  v_xy
10381651 409484238 0 38 10475
24912956 24913004 0 55 81
24912958 24913004 0 57 81
24912987 24923995 0 72 97
24912988 24912989 0 73 74
24913010 24913012 0 83 84
24913023 24913022 0 92 91
24923830 6194954302 0 95 20469
25239055 353694953 0 121 9963
25239055 164348857 0 121 2319
27472835 3815727012 0 138 19363
28381420 28381427 0 139 140
28389915 243898177 0 142 5721
28390251 89162998 0 148 979
28868829 28868827 0 173 172
28868829 28868854 0 173 176
28868855 450112279 0 177 11022
28868855 28868831 0 177 174
28869547 336783880 0 198 9714
29015696 29015697 0 218 219
29015697 29015696 0 219 218
30254677 96484914 0 244 997
30560446 442190 0 249 14
30560446 568456755 0 249 11774
30621790 7434232679 0 252 20989
30624823 112400145 0 267 1270
30624823 112395352 0 267 1261
30677730 30677811 0 274 280
30677963 30763305 0 282 354
30677965 10118108172 0 283 21704
30677968 129500123 0 286 1517
30693129 30693126 0 304 303
30693178 30733089 0 309 336
30693178 30693179 0 309 310
30693179 30693178 0 310 309
30730579 244603161 0 322 5906
30732894 4474760435 0 333 19748
30733085 30733088 0 334 335
30733088 30733085 0 335 334
30733089 30793832 0 336 388
30733089 30693178 0 336 309
30763252 30763303 0 347 352
30763263 30769745 0 348 363
30763303 30763252 0 352 347
30763304 30763305 0 353 354
30763305 30677963 0 354 282
30769728 30769730 0 361 362
30769748 30693123 0 365 301
30769750 30769748 0 366 365
30769865 30769868 0 372 373
30769868 30677810 0 373 279
30793832 30733089 0 388 336
30793840 129500041 0 390 1516
34909804 34909807 0 415 417
34909804 1037154598 0 415 13676
34909805 827009036 0 416 13002
34909807 251489933 0 417 6511
34909808 169280514 0 418 2396
34909808 169279414 0 418 2393
34956128 1183627003 0 430 13870
34959054 7703312544 0 439 21085
34960071 8684425180 0 449 21351
34960071 43017279 0 449 701
35118433 927018717 0 455 13395
35118433 150738338 0 455 2115
35135061 59968544 0 465 830
35157845 161395188 0 467 2289
35157898 35157900 0 468 469
35157900 35157898 0 469 468
35157971 35157928 0 475 472
35157971 235835979 0 475 4893
35492277 36709337 0 505 667
35492277 36709331 0 505 666
35493267 310436892 0 509 9125
35784396 10125437799 0 521 21708
35876731 35876736 0 522 523
35876795 35876782 0 528 527
36476892 36476891 0 605 604
36476892 36480662 0 605 634
36476947 513972750 0 607 11608
36477662 513972750 0 611 11608
36478353 36480971 0 614 638
36478353 36476947 0 614 607
36480664 360978 0 636 4
36480971 36477659 0 638 608
36597967 64621796 0 658 896
39861002 2443190689 0 689 17954
42118613 11364033868 0 696 22034
43017282 43017312 0 702 706
43017282 137352699 0 702 1643
43017325 43017309 0 708 705
43017325 7289029902 0 708 20959
50684987 213644039 0 746 4441
50684987 416310522 0 746 10570
51173423 35462733 0 750 504
51208346 51210440 0 758 767
51208347 52679427 0 759 791
51210440 51208346 0 767 758
52679427 51208347 0 791 759
59622950 1982992326 0 806 17002
59629608 206389686 0 812 4076
59723134 59723149 0 819 821
60011749 1106778985 0 838 13800
60011749 60011727 0 838 834
60012670 192823357 0 839 2888
60012670 192823013 0 839 2887
60032479 60032480 0 843 844
60032480 60032479 0 844 843
60032480 60032479 1 844 843
60580061 60580062 0 866 867
60580061 243344248 0 866 5528
64622806 64621796 0 901 896
74889076 35876731 0 908 522
74906073 1426119164 0 910 14591
76461939 602643783 0 915 12042
81079742 1426119176 0 919 14592
81079742 243455222 0 919 5574
82408956 30560446 0 937 249
83064892 2514890937 0 954 18120
87935323 1123351511 0 961 13814
88194432 88195739 0 963 965
88195532 249581622 0 964 6301
88199104 249550533 0 970 6300
88199104 930283247 0 970 13404
88199568 8220828356 0 971 21235
96484914 30254677 0 997 244
96484914 5678186342 0 997 20246
96486361 229816708 0 998 4730
96486361 213850873 0 998 4447
96512098 907016569 0 1012 13279
96530607 96530609 0 1028 1029
96530607 206128207 0 1028 3768
96530609 466187924 0 1029 11188
100293163 166334525 0 1040 2361
100293163 166334756 0 1040 2362
100294494 250528509 0 1041 6340
100297158 6387235916 0 1062 20576
100297166 100299464 0 1064 1073
100299464 100297166 0 1073 1064
100300379 100300380 0 1080 1081
100300380 100300379 0 1081 1080
100300380 100303790 0 1081 1105
100301938 3810924299 0 1092 19359
100302802 829633411 0 1098 13005
100303790 100300380 0 1105 1081
105349602 105349594 0 1122 1117
105349612 9300969679 0 1123 21468
105349612 207447689 0 1123 4118
105356397 193873572 0 1128 2948
105356397 193879334 0 1128 2949
105368255 105376792 0 1141 1143
108300614 108300613 0 1190 1189
108300616 108300615 0 1192 1191
108368123 366217348 0 1196 10172
111674478 501558059 0 1219 11525
111675193 111674478 0 1220 1219
111675193 111677369 0 1220 1222
112378641 114277884 0 1251 1280
112395351 112395627 0 1260 1263
112395352 30624823 0 1261 267
112395627 112395351 0 1263 1260
112395831 112395627 0 1264 1263
112395831 112396316 0 1264 1267
112396316 112395831 0 1267 1264
114277884 112378641 0 1280 1251
115647966 29015693 0 1302 217
115674988 115674990 0 1310 1311
115674990 115674981 0 1311 1309
116141316 9900156760 0 1355 21637
116141316 442196 0 1355 17
116142969 148726565 0 1365 2075
116147572 116147539 0 1375 1373
116147572 175078684 0 1375 2488
119106341 6965906228 0 1426 20852
125629793 242698574 0 1489 5363
128064623 364921411 0 1510 10109
128598877 128600197 0 1512 1513
128598877 139280053 0 1512 1843
129500123 30677968 0 1517 286
130032800 205494831 0 1551 3625
130032800 130032801 0 1551 1552
130032822 130032800 0 1553 1551
130032822 130032798 0 1553 1550
130033374 130033433 0 1566 1567
130033433 130033374 0 1567 1566
132763862 176784883 0 1587 2525
132765473 132764941 0 1596 1593
132765476 132765470 0 1598 1594
132773113 11954391884 0 1607 22218
137281683 198863918 0 1634 3241
137283445 1118665252 0 1636 13813
137292918 258522307 0 1641 7054
137352701 137283445 0 1644 1636
137572217 1836529393 0 1656 16446
137605396 253850536 0 1662 6787
139182688 139231601 0 1736 1795
139182688 139182689 0 1736 1737
139182689 139182688 0 1737 1736
139183098 11931387015 0 1740 22208
139185773 288842824 0 1747 8108
139187000 139187003 0 1748 1749
139187003 139187000 0 1749 1748
139187003 3622343435 0 1749 19143
139192417 139194004 0 1766 1773
139194004 139192417 0 1773 1766
139213400 334660672 0 1784 9699
139220768 139219159 0 1787 1786
139231601 139182688 0 1795 1736
139234934 139237003 0 1807 1812
139235855 139235856 0 1810 1811
139235856 139235855 0 1811 1810
139237003 139234934 0 1812 1807
139275588 114279639 0 1839 1282
139275870 139277187 0 1840 1841
139277187 139277568 0 1841 1842
139277568 139275588 0 1842 1839
139280053 128598877 0 1843 1512
139280055 139280053 0 1844 1843
139313137 139314156 0 1864 1865
139315445 139328376 0 1867 1871
139458486 139489276 0 1872 1894
139482588 139484116 0 1886 1888
139482588 139484482 0 1886 1889
139484116 139482588 0 1888 1886
139487629 1494113204 0 1891 14775
139489283 2497906078 0 1897 18091
141443735 141444963 0 1914 1918
141443846 771229905 0 1915 12820
141446378 2581274362 0 1920 18226
141596145 139284388 0 1932 1846
141596149 442194 0 1933 16
141596303 141596149 0 1934 1933
141600012 7140210040 0 1945 20904
141600258 141600011 0 1947 1944
141607401 141607400 0 1979 1978
141607401 141607250 0 1979 1977
141607528 141607529 0 1981 1982
141607529 141607528 0 1982 1981
141607715 34909804 0 1983 415
141943513 141943812 0 2017 2020
141943812 141943513 0 2020 2017
141944042 471166521 0 2021 11272
141944591 141944621 0 2022 2023
141944621 141944591 0 2023 2022
141944621 604013966 0 2023 12062
142634951 116118817 0 2030 1327
148726565 116142969 0 2075 1365
149037556 1416618525 0 2088 14557
149037556 604029292 0 2088 12065
149037580 604032045 0 2089 12066
149037580 149037546 0 2089 2086
149038494 1302831634 0 2094 14042
149038494 1302831855 0 2094 14044
149038820 1345571621 0 2100 14190
150743269 208653826 0 2130 4290
150743276 208653797 0 2131 4289
150743280 208653833 0 2132 4291
150743280 208653826 0 2132 4290
150744688 703049007 0 2147 12661
150744980 150744969 0 2154 2153
152528837 152528856 0 2164 2165
152528856 152528837 0 2165 2164
152530915 526296933 0 2169 11626
153555206 9223751387 0 2171 21445
153555206 156574467 0 2171 2187
156574550 156574567 0 2195 2197
156574550 156574531 0 2195 2193
156574772 105412991 0 2220 1162
156823798 4428846089 0 2231 19713
158292822 128054158 0 2255 1508
158704573 158704576 0 2284 2285
158704576 158704573 0 2285 2284
161395188 6703119600 0 2289 20737
161395188 35157845 0 2289 467
162613336 162613330 0 2302 2301
162613336 277762544 0 2302 7861
163931688 5745367032 0 2316 20297
165123236 2666215388 0 2322 18366
165134853 165123236 0 2326 2322
166334756 100293163 0 2362 1040
166413130 21389561 0 2366 50
166417408 166417416 0 2369 2370
166417408 25239223 0 2369 122
169278795 251490191 0 2390 6512
169278795 251489823 0 2390 6510
169280514 34909808 0 2396 418
172960597 172958521 0 2420 2419
173311195 173317686 0 2448 2453
173311195 173317685 0 2448 2452
173311201 173311187 0 2449 2446
176735394 605545821 0 2503 12079
176738029 176756824 0 2504 2515
176756824 176735394 0 2515 2503
176762224 141598360 0 2516 1938
176784883 132763862 0 2525 1587
176785475 176786045 0 2526 2528
176785476 176785475 0 2527 2526
176840451 178745312 0 2567 2689
176842449 176841134 0 2573 2569
176844902 176837387 0 2574 2561
176854270 3185267537 0 2575 18759
176864419 176841135 0 2588 2570
176866183 244603161 0 2591 5906
178688180 178697289 0 2617 2630
178697289 178688180 0 2630 2617
178697919 178685607 0 2632 2614
178698211 3102677982 0 2633 18699
178704258 2696719360 0 2637 18402
178716655 178721711 0 2647 2654
178719843 4284129238 0 2650 19592
178719843 178722366 0 2650 2657
178720925 178707747 0 2652 2642
178721010 178721711 0 2653 2654
178721711 178721010 0 2654 2653
178721711 178716655 0 2654 2647
178722366 178719843 0 2657 2650
178726741 178719843 0 2663 2650
178746636 176840451 0 2690 2567
178755114 8077923092 0 2692 21197
178755368 178756613 0 2693 2696
178755369 8077923088 0 2694 21196
178755519 178755369 0 2695 2694
178755519 178755368 0 2695 2693
180220480 180220481 0 2733 2734
180220481 180220480 0 2734 2733
180223559 180220480 0 2744 2733
180232904 730033583 0 2754 12742
181310538 1868789499 0 2784 16834
181310543 198807023 0 2785 3201
185719237 185722367 0 2806 2811
185719237 185723183 0 2806 2813
185719617 571910317 0 2807 11837
185719617 185719618 0 2807 2808
190691030 208509592 0 2825 4242
190973768 2172425831 0 2834 17299
192491770 192491778 0 2848 2849
192492032 2649564146 0 2851 18341
192771004 197393547 0 2872 3076
192801121 5915582202 0 2876 20370
192803783 587639679 0 2877 11936
192808082 192809528 0 2878 2879
192809528 192808082 0 2879 2878
192811605 2955887582 0 2882 18637
192823013 2200417041 0 2887 17392
192824288 1615374220 0 2889 15289
192824288 192820230 0 2889 2883
193726695 193730640 0 2915 2921
193727159 1901808390 0 2917 16894
193730462 193731791 0 2920 2922
193730640 193726695 0 2921 2915
193731791 193730462 0 2922 2920
193740485 193741587 0 2926 2928
193741587 193740485 0 2928 2926
193741587 193743531 0 2928 2932
193743531 193741587 0 2932 2928
195460042 96537668 0 2971 1033
195462998 195460042 0 2972 2971
196188491 196683922 0 2988 3026
196188574 196188597 0 2990 2991
196188600 196616052 0 2992 3014
196188796 196188612 0 3000 2994
196475636 1869644361 0 3010 16842
196475636 1863269603 0 3010 16734
196586670 195518389 0 3011 2978
196616052 196188600 0 3014 2992
196683922 196188491 0 3026 2988
196683963 196684077 0 3027 3031
196684063 196684074 0 3029 3030
197393283 197393372 0 3057 3070
197393372 1707765160 0 3070 15623
197393547 192771004 0 3076 2872
197757758 197766439 0 3110 3112
198660719 198761477 0 3167 3171
198761477 198660719 0 3171 3167
198789110 5747813121 0 3184 20301
198789110 2263022715 0 3184 17452
198807023 181310543 0 3201 2785
198863918 137281683 0 3241 1634
199008134 199080024 0 3266 3277
199080024 199008134 0 3277 3266
199084260 244131754 0 3280 5784
199121868 205512896 0 3298 3714
199121868 1404776224 0 3298 14520
199122780 199128723 0 3299 3315
199122780 206162673 0 3299 3820
199123279 206156096 0 3301 3787
199127868 206162673 0 3314 3820
199164227 248878308 0 3323 6271
199164227 199164525 0 3323 3324
199164525 199164227 0 3324 3323
199190813 199191875 0 3333 3335
199191875 199190813 0 3335 3333
199191875 199191966 0 3335 3336
199191966 206156858 0 3336 3788
199191966 199191875 0 3336 3335
199463005 199463015 0 3356 3357
199463030 199462978 0 3358 3353
199463030 216341374 0 3358 4508
199463057 199463137 0 3361 3362
199463143 201191824 0 3363 3382
200785029 4832146673 0 3370 19851
200808991 1345325289 0 3371 14182
201191824 199463143 0 3382 3363
201479892 201482437 0 3402 3403
201482437 201479892 0 3403 3402
202358594 202358596 0 3429 3430
202358594 11038070284 0 3429 21922
202379976 586891767 0 3431 11910
202480301 6248084855 0 3438 20496
202549988 243457621 0 3444 5577
203247658 203247659 0 3458 3459
203247658 4317590965 0 3458 19621
203866263 203865005 0 3483 3482
203866263 3230032318 0 3483 18811
203947623 2125815032 0 3490 17111
203947623 2125815029 0 3490 17109
205008696 587639186 0 3524 11934
205331342 205338508 0 3550 3562
205338508 205331342 0 3562 3550
205338660 205338528 0 3566 3564
205350413 1837718933 0 3570 16484
205434192 205460117 0 3574 3599
205460117 205434192 0 3599 3574
205463715 1218923950 0 3603 13929
205465077 205462054 0 3605 3600
205465077 205453141 0 3605 3590
205488077 130033167 0 3621 1560
205494831 130032800 0 3625 1551
205495864 205495345 0 3632 3631
205497520 205497544 0 3645 3646
205497544 205497520 0 3646 3645
205497714 446936330 0 3647 10903
205501475 243988959 0 3689 5741
205502989 1635660764 0 3699 15366
205512896 205512888 0 3714 3713
205512896 205512905 0 3714 3715
205608435 5318255618 0 3728 20073
206097426 331571640 0 3755 9683
206097426 2589163949 0 3755 18240
206130429 206130442 0 3773 3774
206130429 206130445 0 3773 3775
206130445 206130429 0 3775 3773
206142594 96511169 0 3782 1010
206156093 1425506394 0 3785 14585
206156096 199123279 0 3787 3301
206162655 199125094 0 3813 3305
206162662 206162655 0 3817 3813
206162673 199122780 0 3820 3299
206162673 199127868 0 3820 3314
206162675 206162666 0 3821 3818
206162677 206163295 0 3822 3825
206163295 206162677 0 3825 3822
206163299 2483337134 0 3827 18042
206219067 206301481 0 3851 3960
206237093 1830878606 0 3868 15990
206238788 567437436 0 3874 11745
206240048 206240683 0 3878 3882
206240596 206240050 0 3881 3879
206240683 1387812895 0 3882 14502
206266186 206266197 0 3890 3891
206269589 2603049099 0 3901 18263
206279746 7707697239 0 3939 21089
206279749 206274069 0 3940 3909
206279749 206278358 0 3940 3933
206286919 1837326905 0 3944 16471
206292679 206292711 0 3947 3949
206292711 206292862 0 3949 3950
206293525 206293530 0 3951 3952
206293530 206301494 0 3952 3961
206293530 206293525 0 3952 3951
206301466 1590572757 0 3958 15161
206301466 206217262 0 3958 3838
206301494 206293530 0 3961 3952
206307386 206217310 0 3966 3840
206316045 206217309 0 3969 3839
206388680 206389347 0 4043 4057
206389347 206388680 0 4057 4043
206389358 1848897394 0 4058 16649
206389765 206389766 0 4080 4081
206389765 1830878601 0 4080 15989
206389767 208532995 0 4082 4280
206389767 206389761 0 4082 4077
207422128 446136170 0 4097 10843
207422135 415463483 0 4099 10546
207449923 207454567 0 4138 4141
207449923 207453228 0 4138 4140
207459379 207459381 0 4143 4144
207459385 207459388 0 4147 4148
207501541 207502196 0 4156 4171
207502162 207502196 0 4166 4171
207502162 1591374647 0 4166 15165
207502167 2020502247 0 4167 17034
207502196 207501541 0 4171 4156
207502196 207502162 0 4171 4166
208324851 10679469147 0 4198 21831
208334447 10679469149 0 4212 21833
208509592 168745835 0 4242 2384
208514129 208514357 0 4245 4247
208514356 208322798 0 4246 4195
208514357 208514129 0 4247 4245
208533091 208533114 0 4281 4282
208533114 208678454 0 4282 4297
208653797 150743276 0 4289 2131
208653826 150743269 0 4290 2130
208653826 150743280 0 4290 2132
208678454 208533114 0 4297 4282
208693462 895738400 0 4306 13212
208717348 1833665908 0 4313 16135
208717348 208720859 0 4313 4314
208839948 2576959242 0 4317 18218
209090607 208705964 0 4360 4310
209140651 801179550 0 4368 12928
211217155 1831131664 0 4411 16021
213850880 1415123818 0 4448 14547
213851917 7740598781 0 4449 21100
215108886 793649105 0 4468 12880
215927388 1342050608 0 4502 14165
215930007 215927388 0 4504 4502
215932070 215932073 0 4505 4506
215932073 215932070 0 4506 4505
216354097 216354819 0 4514 4515
216400650 216354097 0 4530 4514
216400650 199463042 0 4530 3360
216482808 9342663726 0 4558 21483
218202575 262820456 0 4586 7426
218202732 3723358499 0 4588 19236
218202732 3723358500 0 4588 19237
218318295 218318414 0 4613 4623
218318414 218318295 0 4623 4613
218318462 218318490 0 4626 4629
218318490 218318462 0 4629 4626
218318735 253360140 0 4642 6742
224294973 385765852 0 4662 10372
224773566 60579692 0 4665 859
226266865 302059608 0 4670 8678
229191504 229190922 0 4693 4692
229863124 229857834 0 4741 4736
229902749 844093692 0 4749 13068
229902752 229914991 0 4750 4756
229914991 229902752 0 4756 4750
231762248 746754572 0 4786 12753
231934435 7187430997 0 4827 20934
231946329 231946450 0 4829 4830
231946329 96487231 0 4829 999
237071581 237071583 0 4898 4899
237071583 237071581 0 4899 4898
237079626 247156831 0 4926 6097
237079629 237079632 0 4927 4928
237416445 5310490249 0 4946 20064
237605290 415803970 0 4962 10552
237628132 5678186342 0 4972 20246
241160278 241158753 0 5012 5010
241160278 241158765 0 5012 5011
241468896 349035966 0 5017 9913
241468928 5473644313 0 5022 20171
241468971 10769716405 0 5025 21859
241468971 233273804 0 5025 4889
241468980 241468945 0 5027 5023
241469884 241468978 0 5028 5026
241473612 2427305657 0 5036 17930
241485407 2400916042 0 5040 17899
241485430 2400916041 0 5045 17898
241485430 319191772 0 5045 9519
241485445 241485468 0 5048 5051
241485468 241485445 0 5051 5048
241595607 241595611 0 5099 5100
241595611 241595607 0 5100 5099
241802917 10751894107 0 5146 21850
241889760 241889767 0 5196 5197
241889767 241889760 0 5197 5196
241891140 8643853033 0 5199 21345
241891140 241891142 0 5199 5200
241893998 255426792 0 5214 6904
241928634 241929205 0 5245 5252
241929205 241928634 0 5252 5245
241929567 1849046223 0 5259 16660
242163690 1849046225 0 5266 16661
242246319 242564659 0 5287 5319
242246319 242564512 0 5287 5318
242542750 8084552398 0 5290 21199
242548315 242548265 0 5298 5296
242548319 242548321 0 5299 5300
242566128 242570633 0 5324 5330
242571707 242573024 0 5331 5333
242571707 242572203 0 5331 5332
242578362 242578356 0 5346 5345
242578364 242566130 0 5347 5325
242579488 626873185 0 5351 12166
242580336 242580338 0 5353 5354
242696718 139460608 0 5357 1876
242698294 125629793 0 5360 1489
242773027 115647966 0 5365 1302
242927190 242927239 0 5392 5397
242927212 1293307999 0 5394 14014
242927239 242927190 0 5397 5392
242927239 243191638 0 5397 5432
243192300 573423501 0 5439 11842
243203752 5152474383 0 5445 19965
243204391 475021305 0 5460 11291
243207980 243208074 0 5472 5479
243208074 243207975 0 5479 5471
243209380 1238508015 0 5488 13950
243215300 1845970613 0 5515 16622
243346148 353871044 0 5543 9975
243346407 353871025 0 5545 9973
243349444 1843322334 0 5569 16575
243455222 81079742 0 5574 919
243680866 243680871 0 5616 5618
243680871 243680866 0 5618 5616
243738820 1838154306 0 5644 16507
243892082 244348841 0 5667 5809
243898107 243898112 0 5710 5712
243988959 205501475 0 5741 3689
244148167 1275941205 0 5797 13985
244348841 243892082 0 5809 5667
244429681 244429727 0 5823 5826
244429681 2644686866 0 5823 18332
244429681 2644686854 0 5823 18331
244429727 244429681 0 5826 5823
244429727 244429717 0 5826 5824
244438301 244438581 0 5827 5829
244438581 244438301 0 5829 5827
244438682 244438642 0 5832 5831
244509776 244509773 0 5845 5844
244509778 244509777 0 5847 5846
244509778 7147532285 0 5847 20907
244510586 2128295708 0 5850 17126
244510657 502847853 0 5854 11547
244602160 244601901 0 5902 5901
244603161 30730579 0 5906 322
244603489 247220604 0 5908 6124
244909657 244909996 0 5919 5920
245403218 34958085 0 5927 438
246140534 246140849 0 6011 6018
246140848 246140849 0 6017 6018
246140849 246140534 0 6018 6011
246140849 246140848 0 6018 6017
246140919 246142685 0 6019 6026
246140921 246140417 0 6020 6008
246142628 246142722 0 6025 6027
246142722 246142628 0 6027 6025
246147001 246146747 0 6042 6040
246147001 246146950 0 6042 6041
246154995 251686567 0 6049 6608
246154995 251686732 0 6049 6610
246154997 3800523058 0 6050 19345
246154997 11393992664 0 6050 22098
246161445 246161611 0 6053 6054
246161611 246161445 0 6054 6053
246187255 2663544553 0 6058 18360
246187288 7640517641 0 6061 21058
246787078 660896572 0 6086 12351
247156831 237079626 0 6097 4926
247220604 244603489 0 6124 5908
247471561 247471551 0 6157 6156
247471568 247471561 0 6158 6157
247473144 247473157 0 6161 6164
247473144 247473145 0 6161 6162
247473146 727410889 0 6163 12729
247473146 1587375011 0 6163 15152
247473572 247473577 0 6169 6171
247473577 247473574 0 6171 6170
247567119 7261940104 0 6173 20952
247576267 247576272 0 6185 6186
247576272 247579754 0 6186 6194
247852248 3191577802 0 6222 18789
247855756 251745533 0 6224 6655
247856003 251745514 0 6225 6654
247856342 247856855 0 6226 6227
247866764 2565542650 0 6231 18210
248175283 260284445 0 6245 7342
248768834 248768843 0 6259 6262
248768837 248768834 0 6260 6259
248769203 2834626615 0 6266 18515
248878308 199164227 0 6271 3323
248898687 248898741 0 6276 6285
248898689 248898732 0 6277 6281
248898732 248898689 0 6281 6277
249549514 125487646 0 6297 1471
249662613 249662614 0 6311 6312
249744390 419786696 0 6314 10604
250346766 355602426 0 6320 9987
250346769 4842715388 0 6321 19879
250553450 251137254 0 6357 6422
250553489 1298833122 0 6362 14033
250972292 250972605 0 6389 6391
250972499 250972605 0 6390 6391
250972605 250972292 0 6391 6389
250976062 250976325 0 6404 6405
250976062 206096981 0 6404 3749
251137275 1836073202 0 6427 16409
251137349 446080856 0 6435 10820
251137736 10914984941 0 6447 21891
251141597 4551438160 0 6448 19771
251141629 251141597 0 6451 6448
251153881 251153884 0 6478 6479
251154513 251152513 0 6481 6468
251301132 251302786 0 6484 6486
251302784 251301132 0 6485 6484
251489933 34909805 0 6511 416
251489933 251489815 0 6511 6509
251490191 169278795 0 6512 2390
251490191 251481403 0 6512 6508
251613233 251613255 0 6538 6539
251613233 244510657 0 6538 5854
251670924 2888195837 0 6559 18588
251671658 251671659 0 6561 6562
251671659 251671658 0 6562 6561
251672386 2481965890 0 6572 18034
251673259 251673266 0 6575 6576
251673266 251673259 0 6576 6575
251673285 251850940 0 6579 6691
251673289 251878913 0 6581 6694
251684314 251684316 0 6593 6594
251684314 290041643 0 6593 8205
251690547 251690559 0 6619 6620
251690559 251690547 0 6620 6619
251745514 247856003 0 6654 6225
251745514 251745533 0 6654 6655
251745533 247855756 0 6655 6224
251745589 251745570 0 6659 6656
251749880 251749986 0 6662 6668
251749884 251749886 0 6663 6664
251749884 251825983 0 6663 6688
251749962 251613381 0 6667 6544
251803324 3667429555 0 6675 19169
251821100 251821334 0 6680 6681
251821334 251821100 0 6681 6680
251821789 251821793 0 6684 6685
251821793 251821789 0 6685 6684
251849704 192491767 0 6689 2847
251849704 251142238 0 6689 6454
251850940 251673285 0 6691 6579
251878913 251673289 0 6694 6581
253357342 471845470 0 6734 11281
253360140 10702914041 0 6742 21839
253360140 218318735 0 6742 4642
253360820 412430819 0 6749 10524
253360820 253360818 0 6749 6748
253362657 251152513 0 6750 6468
253850536 137605396 0 6787 1662
253857805 10124007301 0 6796 21706
253863119 253863115 0 6806 6805
253864749 253864705 0 6815 6810
253865687 253865691 0 6819 6820
253865691 253865687 0 6820 6819
253869198 5602878952 0 6831 20205
253869198 253360814 0 6831 6747
255424971 3428139560 0 6893 18973
255425812 331879377 0 6897 9686
255426792 255426870 0 6904 6906
257037441 6030792600 0 6954 20417
257043109 371252240 0 6957 10284
257043109 371252230 0 6957 10283
257802921 257803354 0 6991 6994
257803354 257802921 0 6994 6991
257811113 9251045008 0 7011 21457
257811470 207438426 0 7014 4109
257811968 1205057918 0 7015 13910
257830421 268401580 0 7023 7666
257840735 257802188 0 7030 6988
258522296 137292918 0 7052 1641
258525440 258534993 0 7093 7127
258525440 1835348119 0 7093 16317
258525447 258534712 0 7095 7124
258525447 258525444 0 7095 7094
258527192 258527195 0 7107 7108
258527192 197445822 0 7107 3089
259245973 2200063464 0 7230 17382
259245973 470340588 0 7230 11226
259436185 722663087 0 7236 12709
260008162 192823013 0 7330 2887
260010047 8495301579 0 7333 21316
260017871 260018005 0 7340 7341
260018005 1584768445 0 7341 15123
260428084 260428087 0 7346 7347
260775608 260775606 0 7377 7376
262818988 253863285 0 7413 6809
262820456 218202575 0 7426 4586
265708314 267039539 0 7451 7460
267039539 265708314 0 7460 7451
267039703 276731211 0 7462 7832
267040030 277426918 0 7465 7841
267040304 975538780 0 7472 13493
267147810 2389846037 0 7485 17851
267204030 307877533 0 7507 9021
267219480 694103896 0 7513 12629
267223059 267223194 0 7519 7520
267223194 267223059 0 7520 7519
267223194 267223401 0 7520 7522
267223401 267223194 0 7522 7520
267225469 267225470 0 7526 7527
267225470 267225469 0 7527 7526
267225726 267225727 0 7528 7529
267225727 267225726 0 7529 7528
267226357 267223418 0 7531 7524
267234035 311373994 0 7534 9193
267234035 241491022 0 7534 5058
267234092 267234093 0 7536 7537
267254163 267255205 0 7542 7543
267255205 267254163 0 7543 7542
267319446 267319447 0 7549 7550
267319448 267319450 0 7551 7552
268398941 268398944 0 7575 7576
268398948 3247052682 0 7579 18839
268400045 268401480 0 7593 7654
268400765 268400838 0 7617 7620
268400838 268400809 0 7620 7619
268400838 268400765 0 7620 7617
268400840 268400853 0 7621 7622
268400840 280737061 0 7621 7904
268401021 39861004 0 7630 690
268401021 268401390 0 7630 7650
268401385 268401381 0 7649 7648
268401390 268401021 0 7650 7630
268401473 268401480 0 7653 7654
268401480 268400045 0 7654 7593
268401580 39858293 0 7666 683
268401757 268401552 0 7680 7662
268403571 6862869363 0 7696 20819
268813482 7466798730 0 7705 20997
269306713 229192565 0 7726 4695
269306714 303981569 0 7727 8921
270189831 271195305 0 7740 7755
270189831 270189833 0 7740 7741
270189833 270189831 0 7741 7740
271195623 271195305 0 7756 7755
276691535 1037363300 0 7822 13684
276731211 267039703 0 7832 7462
276973214 267040035 0 7835 7467
277426918 267040030 0 7841 7465
277426919 268401402 0 7842 7651
277562319 248790771 0 7846 6267
277569003 10213493769 0 7850 21753
277762528 975538996 0 7855 13507
277762543 277762544 0 7860 7861
277762544 277762543 0 7861 7860
279192316 1602492378 0 7871 15220
279192316 1434490478 0 7871 14629
279361157 2902270106 0 7874 18605
279361157 1434490527 0 7874 14630
280542537 8911994038 0 7882 21397
280698687 1998483318 0 7890 17024
280733476 280947647 0 7901 7912
280733476 178732133 0 7901 2667
280737061 268400840 0 7904 7621
280739261 11959025390 0 7905 22225
280947647 280733476 0 7912 7901
280948564 2126706731 0 7916 17121
280948701 280737061 0 7918 7904
280951075 975538932 0 7925 13504
281675747 125382546 0 7933 1461
282842788 253360820 0 7961 6749
282842788 2282401661 0 7961 17537
282895331 282906360 0 7977 7990
282906178 282906184 0 7987 7989
282906178 282906180 0 7987 7988
282906180 282711553 0 7988 7959
282906184 282906963 0 7989 7996
282906360 282895331 0 7990 7977
282906384 282906472 0 7992 7993
282906472 282906384 0 7993 7992
282906963 7256018092 0 7996 20949
282910441 286577971 0 7999 8045
283817389 286577960 0 8024 8041
286139981 282892685 0 8033 7970
286141915 446041211 0 8036 10812
286577971 282910441 0 8045 7999
287242098 2474624876 0 8069 18020
288031021 1617058816 0 8081 15300
288566672 288566674 0 8097 8098
288842799 288842805 0 8106 8107
288842805 288842799 0 8107 8106
288842824 139182689 0 8108 1737
288842824 139185773 0 8108 1747
288931969 302059053 0 8113 8662
288941850 315355179 0 8117 9330
288941853 315357604 0 8118 9338
289687597 392613403 0 8121 10433
289715553 436562834 0 8124 10691
289715576 4095923038 0 8127 19498
290035390 2240230196 0 8131 17429
290039563 1679038424 0 8172 15483
290039630 569974548 0 8173 11816
290040870 1829068584 0 8193 15948
290041074 290040877 0 8198 8194
290043339 313678719 0 8211 9247
290043409 587634186 0 8214 11932
290043461 290043651 0 8221 8229
290043651 290043461 0 8229 8221
290259466 392613403 0 8247 10433
290433556 290433557 0 8264 8265
290433557 290433556 0 8265 8264
291747435 1377830946 0 8317 14479
291748429 291748533 0 8321 8322
291921353 291921366 0 8324 8326
296234989 296234991 0 8406 8407
296628136 296628199 0 8417 8425
296628209 296628558 0 8426 8439
296628209 296628522 0 8426 8436
296628407 296628411 0 8430 8431
296628411 296628407 0 8431 8430
296628522 296628209 0 8436 8426
296936335 2633470466 0 8441 18314
296936346 296936348 0 8444 8445
297324555 297324556 0 8455 8456
297324555 569943487 0 8455 11806
297324556 569932533 0 8456 11783
297324568 298251119 0 8457 8525
297758735 302058308 0 8486 8642
297758741 6379962171 0 8487 20574
297970487 298740661 0 8492 8563
298182195 6395636565 0 8509 20579
298251077 298251107 0 8522 8523
298251107 298251077 0 8523 8522
298251119 2199915482 0 8525 17347
298251119 297324568 0 8525 8457
298740661 297970487 0 8563 8492
298862032 298862040 0 8571 8572
298862040 298862032 0 8572 8571
298869163 2477870674 0 8580 18021
299458106 299458111 0 8591 8593
299458111 299458106 0 8593 8591
299458111 299458116 0 8593 8594
299458116 299458111 0 8594 8593
301439057 298869163 0 8607 8580
301589510 1849546577 0 8619 16665
301589510 789827650 0 8619 12854
301798990 606960894 0 8628 12089
301798990 30763100 0 8628 344
301841810 3047086288 0 8631 18671
302058308 310285394 0 8642 9105
302058834 302058966 0 8653 8659
302058966 6379962157 0 8659 20571
302058966 302058834 0 8659 8653
302059053 288931969 0 8662 8113
302059608 226266865 0 8678 4670
302059750 302059751 0 8680 8681
303704728 598896343 0 8864 11992
303851498 1587585770 0 8872 15157
303851541 303851514 0 8875 8873
303861632 575774680 0 8901 11866
303980222 303981267 0 8913 8920
303980374 303981263 0 8915 8919
303981263 303980374 0 8919 8915
303981263 303981267 0 8919 8920
303981267 303981263 0 8920 8919
303981267 303980222 0 8920 8913
303981569 269306714 0 8921 7727
303984180 3048541959 0 8923 18674
307877533 267204030 0 9021 7507
310436892 35493267 0 9125 509
310843750 313945409 0 9158 9253
310846929 257803342 0 9163 6993
310988756 1864159517 0 9172 16763
311097281 1672433529 0 9190 15463
312976002 208320017 0 9209 4188
313675779 313675942 0 9234 9235
313678715 297750728 0 9246 8473
313678719 290043339 0 9247 8211
313945409 310843750 0 9253 9158
313955869 317782171 0 9271 9507
313957121 313957097 0 9275 9274
314077084 314077085 0 9282 9283
315355179 288941850 0 9330 8117
315355179 315355241 0 9330 9331
315357604 288941853 0 9338 8118
315357604 315479451 0 9338 9339
315479451 315357604 0 9339 9338
315480399 315480411 0 9348 9349
315480399 315480329 0 9348 9347
315480411 315480399 0 9349 9348
315986516 1856342477 0 9393 16698
317782194 826674978 0 9508 13001
318176868 243680976 0 9512 5625
318176868 207449920 0 9512 4137
326183374 242543191 0 9615 5292
326183374 242548319 0 9615 5299
330255588 268399405 0 9635 7585
330255588 89163097 0 9635 982
331093993 331095292 0 9663 9668
331094370 1942778576 0 9666 16962
331095292 331093993 0 9668 9663
331879377 255425812 0 9686 6897
334116488 11334661741 0 9694 21998
334660664 139213400 0 9698 1784
336783880 28869547 0 9714 198
338815283 1833247074 0 9731 16116
338815283 338815285 0 9731 9732
338918068 338965536 0 9737 9741
339398478 21378244 0 9756 47
342964676 709083266 0 9765 12695
343722955 499149518 0 9797 11483
343722955 344638186 0 9797 9799
344638186 291312983 0 9799 8303
344786787 694169237 0 9805 12638
344786787 1089213367 0 9805 13764
349228332 349228348 0 9932 9934
349228348 349228337 0 9934 9933
353694959 1039345029 0 9964 13693
353871025 243346407 0 9973 5545
353871042 353871044 0 9974 9975
353871044 243346148 0 9975 5543
353871044 353871042 0 9975 9974
355602426 250346766 0 9987 6320
360348083 360348088 0 10022 10023
360348088 360348083 0 10023 10022
360818303 2331840440 0 10050 17708
360825996 856671464 0 10058 13085
364921411 21389560 0 10109 49
364922605 281675747 0 10110 7933
366072496 876025610 0 10122 13162
366094741 112420300 0 10126 1274
366103120 268398940 0 10134 7574
366103120 268398948 0 10134 7579
366103208 279265154 0 10135 7872
366103208 366096868 0 10135 10131
366106551 366106552 0 10140 10141
366106551 7187431011 0 10140 20935
366155051 366155094 0 10151 10152
366155051 108303842 0 10151 1194
366216344 366218132 0 10169 10175
366216344 5422134977 0 10169 20165
366217348 108368123 0 10172 1196
366217624 366218297 0 10174 10176
366218297 366216344 0 10176 10169
366221876 185727672 0 10183 2816
367393914 4348836979 0 10192 19658
371305285 7520654946 0 10285 21009
371305285 168745845 0 10285 2387
385417260 385765837 0 10355 10366
385765837 385417260 0 10366 10355
385765849 385765852 0 10371 10372
385765852 224294973 0 10372 4662
386581826 502837106 0 10376 11529
387675639 2170943935 0 10390 17276
387686326 3571864464 0 10398 19117
387690600 1836180393 0 10400 16438
388505767 470333837 0 10409 11222
388505767 1641216090 0 10409 15383
392613400 7003269068 0 10432 20856
392613403 289687597 0 10433 8121
392613403 290259466 0 10433 8247
409484238 10381651 0 10475 38
409776494 3126257798 0 10483 18719
410568092 410568097 0 10493 10494
410568092 410568097 1 10493 10494
410568097 410568092 0 10494 10493
412430610 412430815 0 10516 10523
415259263 253360145 0 10540 6744
415463483 207422135 0 10546 4099
418148615 1946013866 0 10597 16971
418148619 3813597177 0 10598 19361
418155013 1506235009 0 10599 14883
419786696 249744390 0 10604 6314
419786696 10198644414 0 10604 21748
421985310 1690571118 0 10615 15568
422017709 209163528 0 10618 4370
432031842 587393143 0 10677 11923
436562834 289715553 0 10691 8124
439216182 141944621 0 10711 2023
441386386 229193616 0 10730 4700
443151048 492256426 0 10746 11331
443151050 492256054 0 10748 11320
445726257 205436210 0 10796 3578
446017232 8743588229 0 10804 21377
446041211 286141915 0 10812 8036
446080856 251137349 0 10820 6435
446080886 446080889 0 10823 10824
446080889 446080886 0 10824 10823
446136170 207422128 0 10843 4097
446152464 1619531304 0 10854 15323
446152533 446161835 0 10858 10863
446152582 446152528 0 10860 10857
446161835 446152533 0 10863 10858
446191323 446191324 0 10882 10883
446191324 446191323 0 10883 10882
446936330 205497714 0 10903 3647
446944848 3200702992 0 10907 18796
447822593 1611043987 0 10939 15267
451732758 915947143 0 11078 13331
451732762 915947143 0 11079 13331
452512990 452512991 0 11108 11109
452512991 452512990 0 11109 11108
452513123 452513125 0 11120 11121
452536100 452536116 0 11126 11133
452536100 452536101 0 11126 11127
452536116 452536100 0 11133 11126
452536116 452536117 0 11133 11134
459392018 243192294 0 11159 5436
470340910 789827642 0 11229 12849
470341361 470341509 0 11231 11233
470341509 470341361 0 11233 11231
471166521 141944042 0 11272 2021
471845470 253357342 0 11281 6734
475021305 243204391 0 11291 5460
475056937 940349223 0 11294 13416
492256054 443151050 0 11320 10748
492256054 492256520 0 11320 11334
492256100 492256520 0 11322 11334
492256426 443151048 0 11331 10746
492256426 492256163 0 11331 11325
492256426 492256520 0 11331 11334
492256491 207430918 0 11333 4103
492256520 492256100 0 11334 11322
492256520 492256426 0 11334 11331
492256520 492256054 0 11334 11320
493302066 493302270 0 11359 11364
493302124 1834331362 0 11363 16177
493302270 493302066 0 11364 11359
496108528 7261940093 0 11456 20951
497131062 7187431011 0 11468 20935
499148352 401909526 0 11481 10450
499149118 940349216 0 11482 13415
501556367 110548699 0 11518 1203
501558059 111674478 0 11525 1219
502836297 1276049115 0 11527 14001
512492335 512492369 0 11602 11603
512492335 421982822 0 11602 10613
523812001 722917907 0 11624 12712
526296933 152530915 0 11626 2169
537631789 1836529341 0 11675 16441
565445619 30763491 0 11735 359
565492109 565492110 0 11737 11738
565492188 565492189 0 11740 11741
567962193 218202920 0 11765 4597
568456757 7280346478 0 11775 20958
569936875 961464426 0 11800 13445
569974548 290039630 0 11816 8173
571588517 83064888 0 11833 953
575774534 298862066 0 11865 8574
586713879 290043381 0 11899 8213
586891767 202379976 0 11910 3431
586891767 2357213486 0 11910 17789
586894768 586897628 0 11912 11916
586897628 586894768 0 11916 11912
587393143 432031842 0 11923 10677
587634186 290043409 0 11932 8214
587639679 192803783 0 11936 2877
587663723 244603754 0 11946 5910
593278237 76461939 0 11955 915
593278237 2563037923 0 11955 18196
597665994 3212283409 0 11968 18801
597719321 7140210040 0 11974 20904
598896343 303704728 0 11992 8864
600197356 600197284 0 12003 12002
600197356 28868768 0 12003 164
600289725 3452612301 0 12005 18997
602643783 76461939 0 12042 915
604013966 141944621 0 12062 2023
604013966 150744989 0 12062 2155
606957812 606957485 0 12088 12087
606957812 30693100 0 12088 295
616203669 371251952 0 12103 10281
616203669 616203670 0 12103 12104
616203676 616203678 0 12107 12109
616203676 616203677 0 12107 12108
626873174 1836967767 0 12165 16468
631976129 775953245 0 12185 12840
633622892 772992407 0 12207 12829
635142423 635142425 0 12213 12214
635142425 635142423 0 12214 12213
656223375 1490337085 0 12301 14769
658054601 1835020498 0 12315 16297
659424080 1796739232 0 12318 15801
659445255 659446448 0 12319 12321
659445618 231762348 0 12320 4787
659446448 659445255 0 12321 12319
659726000 659727493 0 12330 12333
659727493 659726000 0 12333 12330
659727518 659727528 0 12334 12335
664808727 243347169 0 12372 5554
664808727 664808728 0 12372 12373
665359190 665359192 0 12385 12386
665359190 665359207 0 12385 12388
665359192 665359190 0 12386 12385
665359192 9162839217 0 12386 21441
665423051 665428093 0 12391 12393
665428093 665423051 0 12393 12391
667280324 701611037 0 12410 12655
668591032 668591031 0 12413 12412
669086491 30624733 0 12421 262
673770423 30624762 0 12452 265
673770423 2303848345 0 12452 17619
673770429 34909766 0 12453 410
673971955 1235261766 0 12458 13940
678448196 2171022421 0 12482 17279
678448196 247567137 0 12482 6176
692825452 1828816125 0 12613 15941
694103910 1398652769 0 12632 14508
694169149 694169167 0 12636 12637
701611037 667280324 0 12655 12410
703049007 150744688 0 12661 2147
709083324 2392833505 0 12696 17859
722655694 722655645 0 12706 12702
722655694 331572297 0 12706 9684
722663087 259436185 0 12709 7236
722917907 8661790098 0 12712 21348
722917907 523812001 0 12712 11624
730033583 180232904 0 12742 2754
746754572 231762248 0 12753 4786
746777245 1495291449 0 12754 14797
767062556 2849874045 0 12803 18537
771229905 141443846 0 12820 1915
772992407 633622892 0 12829 12207
789827642 470340910 0 12849 11229
789827650 301589510 0 12854 8619
793643225 5405652584 0 12875 20152
793652412 215108886 0 12882 4468
801179467 801179381 0 12926 12921
801179479 801179432 0 12927 12925
808862001 808855703 0 12936 12935
812000570 1831151707 0 12952 16046
817902509 10244199666 0 12973 21764
826674978 317782194 0 13001 9508
829633411 100302802 0 13005 1098
833524368 145910318 0 13017 2054
844093634 1505167509 0 13063 14849
844093652 5262639727 0 13066 20025
844093692 229902749 0 13068 4749
844093726 1495289524 0 13070 14789
856671464 360825996 0 13085 10058
874633335 874633353 0 13142 13144
874633353 874633335 0 13144 13142
874633375 10210726120 0 13147 21750
876025610 366072496 0 13162 10122
895739403 208679725 0 13214 4301
903193116 903193936 0 13242 13262
903193452 7141309723 0 13251 20905
903193936 903193116 0 13262 13242
907016569 907016400 0 13279 13278
907016569 96512099 0 13279 1013
913657572 658054601 0 13319 12315
915947143 451732758 0 13331 11078
915947143 451732762 0 13331 11079
923155202 923155210 0 13363 13364
940349216 499149118 0 13415 11482
940349223 475056937 0 13416 11294
945708539 945708541 0 13425 13426
945708541 945708539 0 13426 13425
945708551 241473532 0 13427 5035
955065294 1016172359 0 13433 13562
961464426 569936875 0 13445 11800
974136782 3184451216 0 13482 18757
975538792 178724459 0 13496 2659
975538801 30730579 0 13497 322
975538932 280951075 0 13504 7925
975538996 277762528 0 13507 7855
992150664 3790547416 0 13528 19327
994448165 7661085079 0 13530 21072
1016172359 955065294 0 13562 13433
1019724658 1019724657 0 13602 13601
1019724677 1019724686 0 13607 13608
1019724677 282901446 0 13607 7982
1025402173 1025402153 0 13640 13638
1025402173 1025402171 0 13640 13639
1025402194 1837882450 0 13641 16497
1037154598 34909804 0 13676 415
1037363300 1037363266 0 13684 13683
1039345029 353694959 0 13693 9964
1044936346 2730989741 0 13701 18422
1045342332 244909996 0 13715 5920
1056237913 1370447479 0 13731 14415
1072393039 105356385 0 13746 1126
1072393148 156823790 0 13751 2230
1089213367 344786787 0 13764 9805
1089213367 1089213402 0 13764 13765
1089241551 2647746708 0 13773 18335
1106778985 227312858 0 13800 4672
1106779227 10142854164 0 13801 21726
1106779227 60011743 0 13801 836
1143417124 606957812 0 13834 12088
1183627003 34956128 0 13870 430
1204778263 1204778374 0 13906 13907
1204778263 1204778388 0 13906 13908
1218923950 205463715 0 13929 3603
1235261766 1630471939 0 13940 15337
1238508015 243209380 0 13950 5488
1275941205 244148167 0 13985 5797
1275941226 1275941210 0 13990 13986
1276078616 1276078619 0 14004 14005
1276078619 1276078616 0 14005 14004
1278630233 1278630883 0 14006 14007
1293307999 242927212 0 14014 5394
1298833122 250553489 0 14033 6362
1302831855 149038494 0 14044 2094
1312440200 1312440307 0 14061 14062
1312440307 1312440200 0 14062 14061
1314600228 302059776 0 14075 8686
1315531478 1918394723 0 14078 16928
1317069502 1317069547 0 14081 14083
1317075007 6462442454 0 14085 20638
1317075010 2484630420 0 14086 18050
1344734643 5077583590 0 14174 19941
1345325289 200808991 0 14182 3371
1354677041 8819034423 0 14280 21383
1354721823 1354721832 0 14284 14285
1354993462 10769255209 0 14297 21854
1354993470 874633375 0 14298 13147
1368372740 1368372739 0 14375 14374
1368372763 440346610 0 14377 10728
1368372763 1368372740 0 14377 14375
1369388480 1369388488 0 14382 14383
1369388549 1369388480 0 14385 14382
1370447060 2421328907 0 14396 17924
1370447060 1370447078 0 14396 14397
1370447379 119110881 0 14410 1435
1370447479 2721544822 0 14415 18416
1370447549 2927559688 0 14417 18625
1375576642 287019442 0 14423 8058
1375576653 1757187866 0 14425 15754
1375576695 6806447919 0 14431 20792
1376173594 34909811 0 14471 419
1377830946 291747435 0 14479 8317
1377830950 1377830930 0 14480 14477
1387812895 205495864 0 14502 3632
1398652769 694103910 0 14508 12632
1404776224 199121868 0 14520 3298
1415100211 5077711487 0 14544 19942
1415123818 213850880 0 14547 4448
1416613231 8553599610 0 14553 21326
1416623859 10316832150 0 14558 21801
1425506339 5405652598 0 14578 20153
1425506377 1425506394 0 14584 14585
1425506394 206156093 0 14585 3785
1425506394 1425506377 0 14585 14584
1426119164 74906073 0 14591 910
1428482032 145911498 0 14608 2055
1428482032 1428481965 0 14608 14607
1434490343 8300813089 0 14624 21265
1434490343 1434490475 0 14624 14628
1460128702 258529143 0 14663 7113
1460128702 1460128714 0 14663 14664
1460128770 258526583 0 14667 7103
1460128770 1460128722 0 14667 14665
1461078924 132766559 0 14676 1599
1461078924 125391183 0 14676 1468
1475080897 6154219211 0 14684 20455
1482218202 1845970502 0 14726 16600
1487254551 1487254552 0 14733 14734
1487254552 1487254551 0 14734 14733
1487254727 1487254744 0 14736 14737
1487254727 1487254749 0 14736 14739
1487254749 1487254727 0 14739 14736
1487293680 1487292430 0 14755 14751
1487293680 1487294385 0 14755 14756
1487294385 1487293680 0 14756 14755
1487295329 725575241 0 14758 12722
1492339896 3571864464 0 14773 19117
1505167509 4774574857 0 14849 19833
1505168202 844093726 0 14853 13070
1506234455 1506234458 0 14867 14869
1506234456 1515258858 0 14868 14928
1506234467 3185281166 0 14874 18761
1506234473 1515354531 0 14876 14932
1514150473 1514150475 0 14900 14901
1514150475 1514150473 0 14901 14900
1514151837 1514151750 0 14906 14904
1514151847 1514151926 0 14907 14909
1514151926 1514151921 0 14909 14908
1514153948 1514154338 0 14911 14913
1514154642 1514154946 0 14915 14917
1515257432 1515257757 0 14921 14923
1515257432 1514154666 0 14921 14916
1515257757 6180504431 0 14923 20467
1515257920 1515259127 0 14925 14930
1515259127 1515257920 0 14930 14925
1530142039 3684726803 0 14958 19212
1530142052 1530142039 0 14959 14958
1534238800 1534238813 0 14970 14972
1534238800 1534238812 0 14970 14971
1534238814 1503868956 0 14973 14825
1534238814 243046359 0 14973 5410
1544080689 1544080700 0 15017 15021
1544080695 251137384 0 15019 6441
1544080700 1544080689 0 15021 15017
1563578737 1863936322 0 15063 16754
1587585770 303851498 0 15157 8872
1590572757 206301466 0 15161 3958
1590572757 206316050 0 15161 3970
1591374647 207502162 0 15165 4166
1600314189 1826636018 0 15186 15886
1606145291 503468156 0 15235 11559
1609026401 3482617217 0 15263 19013
1611043987 447822593 0 15267 10939
1613684052 1238723832 0 15277 13951
1617058816 288031021 0 15300 8081
1619420662 1619420663 0 15314 15315
1619420663 1619420658 0 15315 15313
1619531304 446152464 0 15323 10854
1619540953 6401942432 0 15326 20585
1624587760 1836529341 0 15331 16441
1624587760 11915932908 0 15331 22202
1631875833 208840813 0 15348 4321
1631875862 1631875833 0 15349 15348
1634859365 11364033945 0 15360 22035
1635660745 205502989 0 15364 3699
1639979784 141943513 0 15378 2017
1641216090 388505767 0 15383 10409
1657564053 10180947178 0 15434 21743
1665717055 2295298133 0 15443 17585
1665717060 1665717062 0 15444 15445
1665717062 1665717060 0 15445 15444
1672433529 311097281 0 15463 9190
1679038424 290039563 0 15483 8172
1684698579 241485418 0 15533 5043
1687782997 213620652 0 15554 4437
1687782997 1827370434 0 15554 15921
1690598472 512499535 0 15571 11604
1707765160 197393372 0 15623 3070
1732789031 218318369 0 15683 4619
1796739232 659424080 0 15801 12318
1798138794 1676654494 0 15811 15474
1798138794 209136717 0 15811 4366
1806603967 1806603980 0 15843 15847
1806603980 1806603967 0 15847 15843
1808029376 1317069516 0 15861 14082
1826636018 1600314189 0 15886 15186
1827370433 202358589 0 15920 3428
1828816066 1828816086 0 15938 15939
1828816066 692825450 0 15938 12612
1829068590 11378545576 0 15950 22090
1829457404 3858462774 0 15956 19376
1830878601 206389765 0 15989 4080
1830878606 1830878601 0 15990 15989
1830878612 1830878609 0 15992 15991
1830878641 1830878654 0 15996 15997
1830878641 1831131643 0 15996 16017
1831131643 1830878641 0 16017 15996
1831131664 1494217669 0 16021 14788
1831131696 4451927458 0 16025 19731
1831131783 1831131758 0 16037 16031
1831131812 1834675587 0 16043 16277
1832250134 1832250121 0 16071 16070
1832557266 1832557271 0 16095 16097
1832557270 812000570 0 16096 12952
1832557271 1832557266 0 16097 16095
1833665921 1833665902 0 16139 16134
1833665921 1833665917 0 16139 16138
1833671361 1833671356 0 16142 16141
1833978788 7430316759 0 16154 20985
1834027594 659506611 0 16166 12327
1834331362 493302124 0 16177 11363
1834331423 1834331513 0 16183 16192
1834331425 1834331438 0 16184 16187
1834331438 1834331425 0 16187 16184
1834331513 1834331423 0 16192 16183
1834675587 1831131812 0 16277 16043
1834805068 1326668205 0 16288 14093
1834805068 307814576 0 16288 9009
1835020498 658054601 0 16297 12315
1835020505 290043819 0 16303 8234
1835020505 1835020500 0 16303 16299
1835505876 1835505856 0 16326 16325
1836073128 678448225 0 16404 12487
1836073128 1607003958 0 16404 15249
1836073164 2166202422 0 16406 17246
1836073202 251137275 0 16409 6427
1836073326 1998483318 0 16436 17024
1836180393 387690600 0 16438 10400
1836529341 537631789 0 16441 11675
1836529486 1836529515 0 16454 16455
1836529515 1836529486 0 16455 16454
1836967767 626873174 0 16468 12165
1836967767 242579473 0 16468 5350
1837326905 206286919 0 16471 3944
1837326942 197643335 0 16475 3104
1837326981 801179386 0 16478 12923
1837327047 1833671375 0 16479 16144
1837718933 1837718934 0 16484 16485
1838154306 1838154311 0 16507 16509
1838154311 1838154306 0 16509 16507
1841010583 1843322252 0 16545 16570
1843322184 8263967019 0 16567 21251
1843322252 1841010583 0 16570 16545
1843322340 243349444 0 16577 5569
1843322372 1843322384 0 16583 16585
1843322384 1843322372 0 16585 16583
1845970501 3523426412 0 16599 19073
1845970502 1482218202 0 16600 14726
1845970502 1845970515 0 16600 16605
1845970515 1845970502 0 16605 16600
1845970515 1845970520 0 16605 16607
1845970520 1845970515 0 16607 16605
1845970573 1845970585 0 16613 16619
1845970585 1845970573 0 16619 16613
1845970613 243215300 0 16622 5515
1846028623 1839185363 0 16641 16526
1846028623 1839185353 0 16641 16524
1848897394 206389358 0 16649 4058
1849046223 241929567 0 16660 5259
1849046225 242163690 0 16661 5266
1849595077 1849855846 0 16669 16676
1849853990 1849855846 0 16674 16676
1849855846 1849595077 0 16676 16669
1856342477 315986516 0 16698 9393
1863194061 586897619 0 16733 11914
1863936322 1563578737 0 16754 15063
1863936328 1863936322 0 16756 16754
1863936335 1918454141 0 16758 16932
1863960417 51208132 0 16761 754
1864159517 310988756 0 16763 9172
1864159520 1864159521 0 16765 16766
1864159520 1864159524 0 16765 16768
1864159521 5393381692 0 16766 20148
1864159521 1864159522 0 16766 16767
1868644403 1868644406 0 16819 16820
1868644406 1868644403 0 16820 16819
1868789499 181310538 0 16834 2784
1883112765 1883112764 0 16852 16851
1889957035 1889957036 0 16871 16872
1891430479 3770654020 0 16878 19307
1901808390 193727159 0 16894 2917
1918394723 1315531478 0 16928 14078
1925158092 244602646 0 16949 5905
1942778576 331094370 0 16962 9666
1946013880 330547031 0 16972 9639
1946013880 330547223 0 16972 9640
1954949272 276691535 0 16976 7822
1956468442 2005082684 0 16978 17025
1969233415 446080832 0 16992 10819
1969233415 1019724638 0 16992 13600
1982992326 59622950 0 17002 806
1998483318 280698687 0 17024 7890
1998483318 1836073326 0 17024 16436
2005082684 1956468442 0 17025 16978
2020502247 60579932 0 17034 862
2064677344 370793561 0 17059 10276
2064677344 2064677346 0 17059 17061
2064677345 2064677347 0 17060 17062
2064677348 419786696 0 17063 10604
2066694509 2066694540 0 17066 17068
2066694540 2054691924 0 17068 17055
2099082253 1836073236 0 17094 16416
2127834863 6617801918 0 17123 20702
2140174376 6875144152 0 17179 20831
2156611275 4189911261 0 17212 19537
2165196010 2627128644 0 17241 18305
2166202422 1836073164 0 17246 16406
2170943935 387675639 0 17276 10390
2171719637 2361426861 0 17280 17797
2172425831 190973768 0 17299 2834
2175148183 8828043301 0 17302 21388
2175148183 3645921532 0 17302 19151
2179117347 2179117355 0 17313 17314
2179117355 2179117347 0 17314 17313
2188959445 7817780363 0 17329 21145
2188959445 7817780364 0 17329 21146
2199915482 298251119 0 17347 8525
2200063464 259247851 0 17382 7232
2200064360 5203872270 0 17385 20001
2200064360 264042570 0 17385 7439
2200064686 2200064606 0 17391 17389
2200064686 2200064620 0 17391 17390
2276036410 2276036441 0 17464 17466
2276036410 205497478 0 17464 3643
2278810447 2278810453 0 17517 17518
2278810471 2278810484 0 17519 17520
2278810484 2278810471 0 17520 17519
2282401648 295703042 0 17529 8401
2282401648 2282401649 0 17529 17530
2282401654 2273015342 0 17533 17460
2282401654 2282401652 0 17533 17531
2282401659 2282401661 0 17536 17537
2282401661 282842788 0 17537 7961
2284819847 2284819834 0 17554 17553
2288583089 1414495873 0 17567 14537
2295298133 1665717055 0 17585 15443
2303848345 673770423 0 17619 12452
2335130142 244602646 0 17711 5905
2356947041 1218232644 0 17778 13923
2356947041 251850465 0 17778 6690
2357213486 586891767 0 17789 11910
2357300096 268401579 0 17790 7665
2361426854 2171719637 0 17796 17280
2361426861 2171719637 0 17797 17280
2384568131 3390471710 0 17840 18945
2389846037 267147810 0 17851 7485
2389846037 267210180 0 17851 7509
2392833505 709083324 0 17859 12696
2403668753 2403668761 0 17905 17906
2403668761 2403668762 0 17906 17907
2443190689 39861002 0 17954 689
2458195471 6621399825 0 17980 20707
2468291307 316807063 0 18000 9443
2472804046 282709334 0 18016 7948
2474624876 287242098 0 18020 8069
2477870674 298869163 0 18021 8580
2478005435 2478005432 0 18023 18022
2478969593 11370010427 0 18032 22073
2481965890 251672386 0 18034 6572
2483337134 206163299 0 18042 3827
2483337134 2483337142 0 18042 18043
2483337377 206158775 0 18046 3791
2484630420 1317075010 0 18050 14086
2491664499 2696719360 0 18083 18402
2514382978 881993635 0 18109 13184
2518804296 2518804300 0 18129 18130
2518804300 2518804296 0 18130 18129
2536611904 3539283920 0 18147 19097
2559546472 312976006 0 18187 9210
2560494549 243455215 0 18191 5573
2560494549 253143117 0 18191 6727
2576959242 208839948 0 18218 4317
2581274362 141446378 0 18226 1920
2603049099 206269589 0 18263 3901
2627128644 2165196010 0 18305 17241
2633470466 296936335 0 18314 8441
2647746708 1089241551 0 18335 13773
2649564146 192492032 0 18341 2851
2663544553 246187255 0 18360 6058
2696719360 4317600946 0 18402 19628
2696719360 178704258 0 18402 2637
2696719360 2491664499 0 18402 18083
2721544822 1370447479 0 18416 14415
2730989741 1044936346 0 18422 13701
2804975586 2491664490 0 18486 18079
2805498680 296628152 0 18489 8420
2834626615 248769203 0 18515 6266
2849874045 767062556 0 18537 12803
2859787923 199190811 0 18550 3332
2879499378 218202877 0 18579 4595
2888195837 251670924 0 18588 6559
2927559688 1370447549 0 18625 14417
2941807601 974137022 0 18636 13489
2941807601 2941806994 0 18636 18635
3047086288 301841810 0 18671 8631
3060141924 4192272360 0 18688 19539
3060141924 4192272358 0 18688 19538
3124734052 2217372378 0 18711 17411
3126181090 1665717060 0 18715 15444
3126257798 409776494 0 18719 10483
3183558770 158700138 0 18756 2275
3183558770 105349597 0 18756 1118
3185281166 1506234467 0 18761 14874
3191577802 247852248 0 18789 6222
3200702992 446944848 0 18796 10907
3212283409 597665994 0 18801 11968
3212283409 132763840 0 18801 1584
3228938763 801179467 0 18809 12926
3390471710 2384568131 0 18945 17840
3424970723 3424970714 0 18958 18957
3424970723 3424970724 0 18958 18959
3424970729 448012817 0 18962 10948
3424970729 3424970735 0 18962 18963
3425070419 178707743 0 18968 2640
3425070419 2362037075 0 18968 17803
3428139560 255424971 0 18973 6893
3450900811 3450900804 0 18994 18993
3452612301 600289725 0 18997 12005
3452612301 2284819847 0 18997 17554
3482617217 1609026401 0 19013 15263
3507322937 1425506351 0 19043 14580
3523426412 1845970501 0 19073 16599
3539283920 2536611904 0 19097 18147
3571864464 1492339896 0 19117 14773
3622343435 139187003 0 19143 1749
3645921532 2175148183 0 19151 17302
3663154235 314077035 0 19162 9280
3667429555 10703087854 0 19169 21842
3667429555 251803324 0 19169 6675
3671259413 141588923 0 19180 1926
3671259413 25078033 0 19180 115
3685653379 3685653376 0 19217 19215
3685653379 3685653378 0 19217 19216
3723290712 3723290713 0 19233 19234
3723290713 3723290712 0 19234 19233
3770654020 1891430479 0 19307 16878
3790547416 992150664 0 19327 13528
3790547468 5420520187 0 19330 20164
3810924299 100301938 0 19359 1092
3813597177 418148619 0 19361 10598
3815727012 27472835 0 19363 138
3858462774 2364062905 0 19376 17809
3936245943 2248644459 0 19410 17446
3955940287 499181273 0 19419 11504
3964899155 1731885101 0 19428 15681
3964899155 3964899153 0 19428 19427
4065498050 4826726296 0 19465 19845
4095923032 4095923031 0 19497 19496
4095923038 289715576 0 19498 8127
4095923038 4095923032 0 19498 19497
4192272358 3060141924 0 19538 18688
4192272361 1919347331 0 19540 16945
4284129229 4284129238 0 19591 19592
4284129238 4284129229 0 19592 19591
4317600946 2696719360 0 19628 18402
4329689307 28869459 0 19652 192
4329689307 4329689309 0 19652 19653
4415006635 30624823 0 19710 267
4474760435 30732894 0 19748 333
4707207509 4707207513 0 19811 19812
4707207513 35784396 0 19812 521
4826726296 8419521881 0 19845 21300
4832146673 200785029 0 19851 3370
4832146682 4832146684 0 19856 19858
4832146684 4832146682 0 19858 19856
4832146685 200785029 0 19859 3370
4878455869 2535234321 0 19884 18145
5077583590 1344734643 0 19941 14174
5097429499 1532537262 0 19949 14965
5097429499 6699453034 0 19949 20731
5117321931 1682295212 0 19957 15518
5152474383 243203627 0 19965 5442
5194960503 7256025708 0 19992 20950
5194960503 2786609361 0 19992 18469
5249252220 245403006 0 20015 5926
5249252220 1933700992 0 20015 16953
5262639727 844093652 0 20025 13066
5301709708 452513130 0 20041 11123
5310490249 7168778366 0 20064 20931
5310490255 237395930 0 20065 4944
5318255618 205608435 0 20073 3728
5327762743 198790626 0 20105 3186
5327762743 4318175616 0 20105 19634
5339646538 2478005435 0 20122 18023
5343200822 206128197 0 20125 3765
5346952854 497143353 0 20127 11472
5405652584 793643225 0 20152 12875
5405653564 1344734643 0 20154 14174
5420520187 3790547468 0 20164 19330
5678186342 237628132 0 20246 4972
5678186342 96484914 0 20246 997
5706518830 1838154364 0 20269 16512
5706518830 5706518832 0 20269 20270
5706518832 5706518830 0 20270 20269
5739547508 5775727803 0 20294 20316
5739547508 5739547507 0 20294 20293
5739547511 7773532722 0 20295 21113
5739547511 6433345764 0 20295 20616
5751911428 673770429 0 20304 12453
5751911428 5751911426 0 20304 20303
5857273556 1833671379 0 20340 16146
5865742306 6742342024 0 20343 20758
5875496030 5875496023 0 20349 20348
5934060399 8263967019 0 20385 21251
5964911255 156574590 0 20397 2200
6030792600 257037441 0 20417 6954
6116215780 1831340016 0 20436 16057
6154219211 1475080897 0 20455 14684
6248084843 6248084850 0 20494 20495
6270444669 199084260 0 20503 3280
6277542763 6563093650 0 20509 20694
6285121540 10025948202 0 20514 21674
6379962154 297758735 0 20569 8486
6379962157 302058966 0 20571 8659
6379962171 297758741 0 20574 8487
6387235916 100297158 0 20576 1062
6395636565 298182248 0 20579 8511
6395636565 298182164 0 20579 8506
6401942432 1619540953 0 20585 15326
6433345758 1591701878 0 20615 15169
6563093650 6563093651 0 20694 20695
6614916076 6614916073 0 20700 20698
6614916076 11804892403 0 20700 22175
6617801918 2127834863 0 20702 17123
6621399825 612966407 0 20707 12095
6703119600 161395188 0 20737 2289
6742342024 5865742306 0 20758 20343
6742342024 268403570 0 20758 7695
6806447919 1375576695 0 20792 14431
6945938389 241485411 0 20846 5041
6945938389 241485423 0 20846 5044
6965906228 119106341 0 20852 1426
7003269068 392613400 0 20856 10432
7008625530 7187431012 0 20861 20936
7011053525 7011053526 0 20864 20865
7011053525 366106551 0 20864 10140
7035615519 1754351082 0 20869 15739
7035615519 7814598609 0 20869 21132
7140210040 597719321 0 20904 11974
7141309723 903193452 0 20905 13251
7147532334 11341196598 0 20916 22004
7187430997 231934435 0 20934 4827
7187430997 8084552396 0 20934 21198
7187431011 497131062 0 20935 11468
7187431011 7008625530 0 20935 20861
7256018092 282906963 0 20949 7996
7261940093 496108528 0 20951 11456
7261940104 247567119 0 20952 6173
7430316759 1833978788 0 20985 16154
7434232679 30621790 0 20989 252
7520654946 371305285 0 21009 10285
7520654946 654033972 0 21009 12292
7563731461 2323724325 0 21022 17678
7563731461 1932500525 0 21022 16952
7640517641 246187288 0 21058 6061
7661085079 994448165 0 21072 13530
7674888688 7674888689 0 21080 21081
7674888689 7674888688 0 21081 21080
7674888691 7674888690 0 21083 21082
7707697239 206279746 0 21089 3939
7707697239 2184277661 0 21089 17322
7708795749 10060931612 0 21090 21683
7770498460 597720280 0 21110 11975
7770498460 367829356 0 21110 10194
7774269709 9962724977 0 21114 21656
7816341695 7816341704 0 21135 21136
7816341695 3437657041 0 21135 18989
7816341704 7816341710 0 21136 21137
7817780362 243204119 0 21144 5459
7832513024 7832513034 0 21154 21155
7832513035 7832513024 0 21156 21154
7866579833 1840306390 0 21165 16539
7973328935 659445255 0 21179 12319
8077923092 178755114 0 21197 2692
8084552403 353763956 0 21200 9969
8084552403 242542750 0 21200 5290
8263967019 1843322184 0 21251 16567
8412656074 4832146683 0 21295 19857
8443369819 251137736 0 21304 6447
8495301579 260010047 0 21316 7333
8579744904 88198573 0 21332 969
8661790098 722917907 0 21348 12712
8661790103 722917907 0 21349 12712
8735568109 11115368215 0 21372 21953
8743588229 446017232 0 21377 10804
8819034423 1354677041 0 21383 14280
8828043301 2175148183 0 21388 17302
8911994038 280542537 0 21397 7882
8950738130 6531605265 0 21408 20687
8950738132 8950738130 0 21409 21408
9147581190 9147581191 0 21436 21437
9147581190 205479637 0 21436 3618
9147581191 205463714 0 21437 3602
9223751387 153555206 0 21445 2171
9223751387 9223751392 0 21445 21446
9251045008 257811113 0 21457 7011
9275802855 241468903 0 21461 5018
9342663726 216482808 0 21483 4558
9585378122 9585378129 0 21532 21533
9585378122 9585378129 1 21532 21533
9585378129 9585378122 0 21533 21532
9585378129 9585378122 1 21533 21532
9690464370 2352550447 0 21565 17745
9883550294 4390042195 0 21634 19704
9900156760 367829434 0 21637 10195
9961796085 7644421858 0 21655 21060
9962724977 7774269709 0 21656 21114
10025948202 11980772162 0 21674 22232
10025948202 6284655974 0 21674 20513
10060931612 7708795749 0 21683 21090
10124007301 253857805 0 21706 6796
10144635479 1497268199 0 21728 14802
10144635484 10144635479 0 21729 21728
10180947178 1657564053 0 21743 15434
10198644414 419786696 0 21748 10604
10210726120 874633375 0 21750 13147
10213493769 277569003 0 21753 7850
10244199666 817902528 0 21764 12974
10301285884 10693812736 0 21795 21838
10316832150 1416623859 0 21801 14558
10550640485 129500041 0 21805 1516
10601454855 11535269014 0 21811 22140
10653293235 208516949 0 21814 4253
10653293235 10653293236 0 21814 21815
10653293247 10653293243 0 21817 21816
10679469147 208324851 0 21831 4198
10679469149 208334447 0 21833 4212
10693812736 4429575670 0 21838 19717
10703087854 3667429555 0 21842 19169
10769255209 1354993462 0 21854 14297
10769716405 241469884 0 21859 5028
10867354805 290040870 0 21875 8193
10894335737 8684425187 0 21883 21352
10894335738 10894335737 0 21884 21883
10914716583 10914716584 0 21886 21887
10914716586 10914716585 0 21889 21888
10914795991 282842887 0 21890 7962
10914795991 4192272361 0 21890 19540
10914984941 251137736 0 21891 6447
10959838409 206238790 0 21906 3875
10994199531 5077711487 0 21910 19942
10994199531 10994199534 0 21910 21911
11008500742 10067762819 0 21912 21689
11042720479 282910581 0 21926 8000
11042720479 11042720476 0 21926 21925
11115368215 8735568109 0 21953 21372
11216888688 197757758 0 21971 3110
11289734870 11289066180 0 21991 21987
11289734870 11289732367 0 21991 21989
11334661741 334116488 0 21998 9694
11362833341 681334888 0 22011 12539
11362833360 2468291307 0 22014 18000
11364093072 34960212 0 22036 451
11370010427 2478969593 0 22073 18032
11378545576 1829068590 0 22090 15950
11393992664 290039511 0 22098 8171
11394007493 251684309 0 22099 6590
11394007493 251687099 0 22099 6611
11535269014 10601454855 0 22140 21811
11779182522 11779182518 0 22164 22163
11779182522 11779182514 0 22164 22162
11779182528 11779182566 0 22165 22170
11779182542 2126565577 0 22167 17120
11779182542 11779182539 0 22167 22166
11779182566 11779182543 0 22170 22168
11915932908 1624587760 0 22202 15331
11931387015 139183098 0 22208 1740
11950166138 250972950 0 22211 6393
11951600450 11951731981 0 22215 22216
11951731981 11951600450 0 22216 22215
11954391884 132773113 0 22218 1607
11959025390 280739261 0 22225 7905
11980772162 10025948202 0 22232 21674
